0 140 67 0 4 1 2 0 61 41 0 0 187 0 220 18 55 43 26 0 5 105 16 0
0 20 45 0 143 18 11 0 364 0 2 0 199 0 3 1 100 6 2 0 8 34 33 0
21 8 379 0 35 0 19 0 40 0 5 50 25 3 3 9 95 0 228 0 12 58 0 0
0 0 1 0 116 2 36 0 196 56 13 113 25 20 0 109 6 221 0 0 12 64 0 1
15 1 0 68 0 2 59 2 26 13 71 9 2 36 23 161 39 24 83 69 13 269 2 1
257 0 38 2 36 114 2 0 5 77 156 22 45 0 0 13 53 19 116 16 0 20 0 1
144 69 0 0 2 40 139 4 2 92 74 36 7 52 0 71 206 1 0 8 2 38 6 1
0 0 2 25 0 124 167 0 16 65 92 90 5 0 14 75 166 7 0 0 97 46 0 1
0 0 310 0 0 0 5 0 66 4 97 2 96 16 0 0 7 0 2 378 0 7 1 0
0 170 24 0 12 0 78 66 14 46 14 0 83 0 167 0 4 0 53 1 1 261 0 0
49 0 342 0 11 0 0 5 51 2 0 11 397 0 88 5 3 24 2 0 0 0 0 0
0 73 48 0 176 26 63 14 21 0 0 9 224 2 17 51 182 0 74 1 3 7 1 0
0 98 31 0 1 19 7 173 368 1 0 0 0 0 84 9 0 0 163 0 0 33 6 0
0 0 15 1 44 0 0 0 1 40 16 90 4 6 1 527 149 50 0 0 17 30 0 1
0 183 36 20 0 1 156 0 133 130 0 0 182 0 64 4 9 0 56 13 0 5 0 0
0 30 215 0 8 152 29 0 68 67 0 8 48 0 197 4 107 6 1 0 0 41 12 0
0 43 64 78 1 6 37 41 355 0 12 24 142 8 50 0 7 0 95 0 0 22 7 0
0 7 204 5 5 2 49 0 219 53 24 16 52 6 41 32 104 1 43 2 0 66 61 0
0 113 69 0 0 90 7 0 16 53 39 485 11 0 74 5 0 14 6 0 0 0 11 0
0 158 46 0 260 8 77 0 148 0 0 0 51 2 30 81 38 76 8 0 0 7 0 0
0 113 0 0 0 67 0 1 47 17 96 141 245 0 12 28 9 68 14 0 23 113 0 1
10 104 195 0 61 10 1 0 76 0 0 28 1 0 22 3 44 30 32 72 0 110 192 0
0 0 0 0 0 64 30 69 7 75 143 53 0 0 53 178 187 33 78 0 0 5 18 1
0 68 27 0 0 120 108 33 41 8 17 1 43 0 12 66 336 1 102 1 0 7 0 0
0 5 41 2 33 0 43 1 27 1 27 183 213 269 46 2 37 15 7 1 3 26 5 0
2 98 67 0 0 9 6 20 171 0 125 67 6 31 22 0 3 33 120 0 8 114 89 0
0 30 117 0 60 0 32 6 101 0 1 0 352 8 11 14 32 71 21 86 0 32 15 0
0 5 62 0 0 0 0 0 185 30 2 235 87 0 6 19 26 0 9 43 0 65 218 0
0 45 112 23 1 90 0 0 345 0 0 0 69 3 2 65 1 0 97 0 0 29 111 0
0 0 0 1 0 2 5 5 0 36 4 69 0 0 70 33 555 37 11 0 5 89 70 1
3 0 34 228 4 2 7 47 323 24 1 0 73 0 34 0 42 121 1 4 28 4 10 0
47 0 15 62 7 0 16 0 9 79 12 51 42 17 39 19 0 10 184 0 145 125 110 1
0 24 168 0 0 21 30 7 58 0 1 1 123 0 67 2 17 1 294 8 0 167 1 0
106 72 85 1 0 29 43 32 164 17 19 4 140 0 13 109 128 0 12 3 0 13 0 0
1 0 40 0 0 136 7 2 27 211 51 4 1 4 0 118 22 8 2 56 2 295 2 1
0 7 212 0 2 9 13 7 8 18 27 0 69 0 138 34 23 11 55 0 331 26 0 0
0 16 70 0 0 0 105 75 45 0 0 6 80 121 33 37 210 0 64 8 0 102 21 0
104 56 166 0 0 4 8 0 238 17 0 2 97 9 38 15 84 0 118 29 0 6 0 0
0 0 0 1 0 0 0 107 1 65 60 40 46 2 0 34 108 52 130 1 76 131 137 1
0 0 0 97 0 0 0 0 8 228 173 24 5 170 25 48 54 4 0 0 108 31 14 1
0 76 16 2 7 26 11 3 33 1 1 60 97 0 137 305 48 0 92 0 0 67 9 0
0 174 8 0 12 55 1 0 185 0 6 0 34 14 19 20 263 0 0 5 48 148 0 0
23 54 87 0 82 0 57 148 71 192 0 27 143 27 0 3 18 1 28 0 29 0 0 0
0 126 2 0 86 3 293 2 215 11 0 2 31 0 24 0 6 6 5 3 133 37 9 0
3 6 153 0 2 247 34 0 115 0 9 0 40 188 28 0 66 7 2 0 15 77 0 0
0 3 14 24 478 24 111 0 38 61 0 10 37 0 67 0 51 28 3 9 6 5 21 0
0 60 205 0 0 3 0 0 20 38 0 96 151 17 11 0 19 78 47 35 56 121 35 0
0 23 1 13 245 0 101 0 50 37 0 0 63 3 20 44 128 3 39 0 115 36 69 0
0 8 1 14 10 0 0 46 0 0 0 15 0 9 3 86 328 1 1 0 0 469 0 1
3 125 5 21 0 4 6 138 162 12 26 7 244 3 229 4 0 0 0 0 3 0 0 0
111 137 26 0 0 12 15 43 89 10 0 51 11 0 368 0 51 33 11 0 5 19 0 0
26 6 15 0 131 0 0 172 22 52 6 108 0 6 0 18 41 64 0 41 70 211 1 1
0 73 8 0 71 10 3 30 155 0 2 200 141 1 99 6 21 0 3 0 40 47 82 0
1 3 26 0 62 0 0 0 42 22 12 3 73 4 25 316 190 44 6 0 4 146 12 0
4 108 272 65 0 0 0 0 18 8 4 17 183 96 10 0 159 0 5 5 0 37 0 0
0 19 350 0 3 92 8 0 96 29 31 14 5 2 149 0 116 22 48 0 0 3 6 0
0 423 27 0 0 4 6 10 135 0 7 71 59 0 3 0 219 2 22 1 0 0 0 0
2 78 157 0 60 0 15 0 130 31 0 59 115 0 12 1 38 0 210 0 9 73 2 0
64 143 11 0 1 13 0 10 399 5 0 26 35 0 49 75 1 110 0 0 5 43 0 0
0 100 16 4 4 140 9 25 42 5 0 192 6 0 32 0 7 43 167 20 48 129 0 0
0 25 32 0 0 16 255 28 62 3 0 66 118 13 24 7 0 12 7 3 0 305 13 0
0 0 0 31 1 0 0 42 2 73 191 2 13 0 113 227 21 36 10 1 67 137 24 1
0 85 248 0 5 0 32 0 46 28 0 0 49 60 56 30 3 3 71 142 0 0 133 0
36 24 197 0 0 0 120 32 227 0 0 10 13 0 102 150 4 0 6 65 0 7 0 0
14 89 137 0 0 17 0 7 252 2 0 0 74 75 148 43 3 14 19 30 0 64 2 0
6 12 270 4 109 0 68 7 209 0 0 134 40 0 42 7 8 1 18 6 0 49 0 0
4 37 106 0 69 0 4 0 23 0 0 35 0 0 41 22 66 0 61 6 438 70 10 0
0 0 2 4 0 0 77 0 2 74 117 133 2 176 1 133 82 67 108 0 8 4 1 1
54 23 41 0 0 4 15 0 8 2 0 2 104 3 99 269 16 11 16 23 0 34 267 0
0 1 34 0 0 0 48 2 227 13 0 155 137 0 20 0 317 6 0 0 0 14 18 0
0 7 48 0 123 85 37 0 118 2 0 0 34 0 329 15 39 94 4 11 0 43 0 0
50 203 15 0 0 4 68 3 296 43 0 4 48 1 66 7 119 0 16 0 0 48 1 0
50 177 26 0 2 0 4 0 247 1 13 30 166 0 130 39 7 0 21 0 5 41 30 0
1 2 0 59 0 0 2 0 47 104 16 11 0 3 5 29 10 6 125 0 64 506 1 1
0 1 167 154 0 12 0 17 18 3 0 81 54 0 7 32 0 30 11 0 89 314 3 0
0 29 85 30 0 0 9 123 56 47 0 87 23 0 100 6 330 48 8 3 0 7 0 0
6 31 26 0 5 71 5 39 53 32 139 20 249 0 2 0 127 0 107 0 4 74 0 0
0 13 184 247 5 18 4 4 21 1 0 67 131 28 2 21 200 0 3 0 0 44 0 0
31 13 37 0 0 10 22 202 49 0 109 11 3 10 111 11 4 249 65 0 14 28 11 0
29 188 95 0 16 4 1 13 159 57 142 42 29 5 153 1 2 14 2 0 0 35 3 0
9 0 0 34 91 0 128 32 10 59 102 11 0 1 0 149 105 101 3 0 71 80 4 1
0 203 170 0 5 78 1 51 19 54 0 8 100 35 28 0 41 63 21 0 4 25 86 0
0 169 119 0 0 0 26 8 37 0 18 230 28 7 42 0 62 17 127 2 0 21 79 0
212 75 106 0 0 2 0 0 241 0 12 1 26 13 140 50 31 25 0 2 0 52 0 0
2 0 1 0 0 87 42 52 2 17 2 244 273 0 1 44 0 39 65 0 78 34 9 1
0 0 0 37 2 88 1 0 0 429 0 2 15 2 0 46 256 0 17 21 1 73 0 1
2 1 34 0 0 0 7 95 37 40 0 0 13 0 246 0 291 0 148 0 42 23 10 0
0 71 129 9 0 0 32 0 109 1 2 0 226 0 128 1 47 0 87 0 0 96 54 0
1 2 1 0 32 0 0 91 0 189 386 23 0 1 0 23 12 3 40 0 24 163 0 1
2 2 28 69 3 3 0 0 37 8 9 2 133 0 531 0 4 12 61 0 0 81 6 0
186 4 50 0 15 21 6 0 49 4 35 0 208 87 112 31 9 0 63 0 0 101 8 0
0 21 76 0 280 96 19 158 40 0 0 16 75 0 35 138 4 13 5 0 0 16 0 0
0 70 1 118 0 42 91 3 48 0 0 0 53 0 129 7 1 0 334 18 0 47 28 0
0 87 296 0 2 0 15 0 6 0 0 25 48 0 140 0 131 0 17 29 0 197 0 0
41 117 28 1 0 0 1 37 502 8 0 4 13 31 51 40 0 3 31 0 15 69 0 0
0 9 12 0 0 19 0 19 73 226 0 0 41 6 276 3 121 0 36 63 3 71 14 0
0 84 44 53 0 5 21 21 231 80 0 32 38 112 37 5 76 0 56 0 25 70 0 0
0 379 14 0 11 4 0 0 260 38 34 10 6 4 178 19 0 0 5 0 0 16 13 0
2 1 87 0 0 22 28 3 177 27 0 73 23 0 316 5 122 19 81 0 2 4 0 0
0 8 0 11 0 0 0 4 53 67 2 69 13 27 54 10 188 29 80 0 292 86 0 1
0 64 100 0 55 5 129 0 181 87 8 37 12 2 1 28 87 85 69 3 0 6 30 0
0 50 89 0 0 0 110 0 73 0 0 0 137 231 126 5 2 2 157 0 0 10 0 0
0 350 22 35 9 4 32 1 23 36 0 15 185 0 88 10 2 0 45 115 8 0 12 0
0 96 137 0 0 35 0 94 31 208 0 0 288 0 9 1 2 20 0 0 0 69 2 0
37 18 87 19 1 2 36 2 183 312 0 0 173 6 36 0 11 0 31 0 2 4 32 0
0 0 12 0 0 66 36 0 228 7 15 97 0 0 0 15 210 163 5 96 34 9 0 1
0 263 58 0 14 0 2 0 61 0 0 0 61 10 156 0 4 0 32 156 0 48 125 0
0 1 53 0 26 19 44 46 4 3 2 43 97 114 46 0 97 0 0 0 1 144 248 0
5 27 490 0 0 0 33 0 91 29 4 28 81 1 120 22 46 0 0 0 14 0 0 0
0 193 11 0 18 381 0 2 22 0 56 1 10 2 88 145 0 6 51 0 0 8 0 0
15 9 0 0 3 1 0 23 70 1 5 0 278 157 159 0 55 0 6 109 22 78 0 0
0 238 1 19 187 0 143 0 78 9 0 42 128 1 54 5 3 1 0 0 38 45 0 0
25 211 83 0 16 5 6 0 298 0 0 79 36 0 53 43 13 0 14 0 6 53 49 0
0 0 83 0 0 19 12 0 0 143 0 84 40 3 0 17 0 111 148 7 47 274 4 1
0 0 1 12 160 196 0 1 235 95 13 62 41 61 0 16 22 10 0 0 2 60 2 1
51 11 24 0 29 66 14 57 133 0 50 0 198 32 137 0 187 3 0 0 0 0 0 0
0 109 111 0 16 0 2 0 159 35 29 0 106 3 113 78 66 1 2 0 0 28 133 0
0 144 79 0 0 5 37 0 6 17 0 15 83 16 56 63 9 29 56 0 0 376 0 0
24 31 1 0 5 19 35 46 138 164 0 43 104 109 14 0 15 0 158 1 1 74 6 0
2 24 15 81 0 70 12 44 1 23 32 3 5 0 9 147 102 30 0 2 174 204 11 1
0 8 20 0 3 3 21 0 13 194 52 47 0 40 0 124 48 56 147 0 155 58 1 1
0 402 112 0 0 0 3 0 3 0 1 0 150 0 11 61 0 9 134 0 0 106 0 0
4 54 32 0 0 9 63 32 100 3 0 35 5 0 21 41 41 6 279 1 0 154 113 0
0 50 205 1 25 26 41 7 36 2 0 72 178 0 47 0 52 0 0 70 0 179 0 0
0 0 263 0 2 63 35 213 5 0 0 4 322 0 57 2 18 0 4 0 2 1 0 0
0 84 123 1 7 14 86 0 32 0 8 67 117 31 222 10 4 0 5 19 0 148 10 0
0 48 61 0 111 38 4 12 4 0 0 31 220 12 102 251 20 0 34 0 0 29 11 0
0 141 44 0 0 0 7 24 150 0 0 6 13 0 540 2 0 0 27 0 0 38 0 0
0 52 211 4 1 0 0 84 116 50 2 7 1 0 78 0 14 0 223 37 16 90 7 0
0 30 66 0 0 0 46 3 77 2 25 119 96 1 13 60 0 0 1 0 40 279 133 0
0 14 53 0 0 53 9 21 138 43 9 9 424 0 77 0 8 32 97 0 0 3 2 0
47 14 75 0 4 6 15 33 5 6 6 20 51 0 305 0 6 1 185 3 0 199 9 0
1 50 73 5 0 3 233 0 59 0 71 4 5 0 48 0 0 91 192 14 0 143 0 0
0 3 75 0 1 0 0 16 259 192 0 305 12 1 25 1 0 7 54 26 8 4 0 0
0 0 50 0 0 2 0 6 34 54 0 4 12 0 2 47 107 1 80 13 154 220 206 1
63 0 54 76 0 84 64 0 0 48 140 23 75 4 0 16 216 8 5 1 13 101 0 1
8 102 17 14 0 16 0 163 5 8 0 0 136 33 240 0 9 3 114 0 0 113 7 0
0 1 133 11 3 50 66 15 134 0 0 31 80 0 171 118 19 8 94 0 0 55 0 0
0 0 117 0 380 88 7 4 227 2 0 0 0 12 1 66 0 1 15 8 0 55 8 0
19 5 391 0 0 0 22 1 73 0 0 1 51 39 51 0 13 1 322 0 0 1 0 0
3 37 118 0 85 0 10 2 269 5 0 131 31 0 8 192 0 40 29 0 20 10 0 0
0 0 0 0 0 0 299 75 7 87 67 202 58 12 0 4 60 5 0 7 5 73 28 1
28 207 107 0 1 26 1 0 44 0 0 53 187 3 118 13 91 0 2 12 66 0 33 0
14 206 216 0 2 53 0 0 31 3 0 0 160 0 78 10 15 0 187 0 0 18 0 0
0 86 134 0 3 13 9 0 229 32 4 21 3 0 46 1 81 0 211 0 79 37 0 0
2 1 144 0 88 124 65 0 0 95 40 5 104 0 0 18 170 35 25 0 54 17 4 1
12 181 12 0 8 74 0 0 34 11 34 26 129 4 208 0 0 0 55 1 144 46 11 0
0 103 239 1 0 45 1 0 0 0 0 51 14 15 2 7 359 28 34 7 0 86 0 0
0 21 63 0 0 20 93 5 24 0 0 8 461 0 34 75 40 15 0 35 0 96 1 0
0 273 212 0 20 5 12 0 26 0 0 4 179 0 9 29 29 8 25 2 0 93 66 0
0 3 165 0 0 7 45 175 42 5 12 32 39 0 118 1 38 256 48 0 0 8 0 0
0 65 58 9 0 0 2 0 260 0 1 0 54 0 2 72 54 1 47 13 0 330 24 0
0 2 88 0 0 62 0 1 224 3 0 22 0 0 15 14 5 0 0 255 11 292 0 0
0 37 0 0 0 0 0 82 20 34 0 0 2 4 0 323 0 253 0 36 3 42 157 1
0 8 17 0 1 1 30 0 4 96 8 71 274 9 63 13 4 0 178 0 0 215 0 0
0 11 4 49 0 0 105 0 567 0 0 102 46 0 9 2 60 0 16 0 2 2 18 0
0 0 22 17 0 0 0 13 332 0 3 2 225 1 92 21 231 4 10 0 0 19 0 0
94 53 116 0 67 0 12 5 156 37 0 4 42 64 55 23 12 0 220 0 8 22 1 0
2 18 6 0 46 25 228 16 123 0 1 0 133 0 69 0 315 4 3 0 0 3 1 0
0 177 187 42 0 216 13 5 77 0 0 18 44 0 54 0 47 0 25 1 7 36 42 0
12 141 158 16 0 2 13 0 39 3 0 169 44 5 56 5 26 8 177 5 0 109 2 0
3 29 71 0 0 62 4 50 252 57 0 0 135 0 118 0 104 11 87 0 0 1 5 0
0 0 0 0 77 0 57 11 0 212 113 158 19 3 0 58 21 17 4 22 139 24 55 1
0 56 9 0 35 13 0 0 183 11 0 0 110 0 49 9 165 62 27 14 0 248 0 0
32 18 2 4 73 1 2 13 425 2 4 96 18 19 62 7 0 6 67 0 0 104 33 0
0 6 0 0 13 80 0 2 0 50 14 131 0 46 65 116 31 3 328 20 0 84 0 1
0 3 13 0 0 5 0 2 207 81 0 11 84 12 135 4 59 0 0 1 0 179 194 0
0 76 59 0 92 118 53 47 50 0 0 120 151 0 32 36 20 1 27 24 23 62 0 0
0 0 126 0 0 4 181 67 6 92 2 36 4 0 0 3 291 73 0 8 27 66 6 1
5 79 232 0 0 0 42 0 23 4 0 0 85 0 92 0 226 0 199 0 0 3 0 0
53 83 34 0 27 5 36 38 308 15 0 26 87 2 88 11 71 40 34 0 0 31 3 0
3 150 94 0 0 37 3 3 165 0 0 171 145 71 42 1 36 0 52 12 0 5 0 0
0 0 21 27 0 0 1 1 3 132 47 467 0 0 3 28 153 21 73 0 9 6 0 1
0 260 8 0 1 39 0 2 208 0 0 0 50 2 48 95 110 20 49 0 7 57 34 0
0 34 56 0 80 82 27 116 31 0 66 0 117 0 284 34 3 0 16 7 0 39 0 0
0 0 0 0 0 1 42 0 2 2 9 173 37 56 0 29 233 11 0 0 327 72 0 1
8 44 166 2 0 72 0 22 423 0 0 34 3 0 34 27 115 5 2 0 0 28 6 0
0 12 6 2 4 10 20 0 9 42 22 0 28 283 35 332 16 0 0 0 57 58 54 1
0 10 13 0 29 21 2 56 39 0 14 7 219 0 207 72 152 0 66 20 0 64 0 0
0 56 43 2 56 0 65 49 35 0 8 95 197 0 7 1 10 54 213 37 38 5 18 0
0 16 101 0 1 6 36 1 34 40 0 0 118 0 43 0 66 3 204 0 0 323 0 0
0 19 19 0 0 105 9 67 40 19 23 40 101 6 66 2 46 66 145 0 9 210 0 0
0 68 107 0 33 8 25 0 38 99 0 25 2 0 42 7 117 0 304 0 2 106 11 0
0 135 24 0 12 39 115 0 303 44 9 0 34 52 32 5 1 0 117 0 0 62 9 0
0 17 149 0 0 163 2 7 17 0 0 53 104 0 102 310 46 3 5 0 0 15 0 0
0 114 104 0 0 0 17 0 239 9 0 10 2 9 334 2 8 0 80 0 3 15 48 0
0 41 78 0 0 0 48 0 122 37 0 0 152 23 145 0 48 2 10 0 0 183 101 0
0 11 28 22 42 0 0 9 0 96 44 131 8 2 0 89 81 2 16 0 0 409 0 1
142 20 63 21 0 20 116 0 274 77 0 93 15 0 22 4 3 42 0 8 0 74 0 0
1 9 83 0 0 16 247 0 101 24 0 22 282 0 56 40 41 0 42 0 0 22 6 0
0 92 17 4 132 62 0 15 6 1 0 224 65 87 26 0 11 0 168 0 77 2 0 0
0 6 42 0 1 0 32 0 41 0 0 41 19 0 440 21 173 0 60 0 1 116 0 0
191 40 97 0 1 49 20 45 81 1 0 57 231 3 10 135 0 21 4 0 0 2 0 0
19 191 262 0 0 5 112 1 248 21 1 0 12 18 5 0 49 2 24 0 0 14 7 0
0 277 115 0 1 0 1 8 157 4 3 41 166 0 33 26 29 0 126 4 0 0 0 0
6 115 10 0 0 0 0 0 137 0 12 1 53 0 58 17 25 0 64 3 467 3 21 0
0 41 97 0 0 62 228 1 244 0 2 0 10 15 11 111 105 22 5 21 13 3 1 0
26 18 340 13 10 121 33 0 67 0 0 0 24 169 57 41 5 13 0 0 25 28 1 0
0 87 46 0 0 18 25 1 2 76 23 54 27 0 188 77 11 0 59 12 285 1 0 0
5 2 331 0 0 31 22 14 14 0 0 51 15 0 96 0 7 63 270 0 4 20 47 0
