1 0.12738 0.096182 0.079777 0.075663 0 0.065033 0 0 0.062864 0.062772 0.048334 0.046502 0 0.036295 0.034314 0.029537 0.027821 0.023513 0 0.021536 0 0.019128 0 0.019068 0.017978 0.014965 0 0.014589 0.013106 0 0 0.011955 0.0098028 0.0091896 0.0062606 0 0.0054256 0 0.0053755 0.0048198 0 0.0024514 0 0 0.0023716 0.0023255 0 0 0 0.0012276 0.0008765 0.0007388 0.0005096 0.0003162 0
1 0.17019 0.12599 0 0.099809 0 0 0.089399 0.083059 0.06499 0.059764 0.035873 0.023469 0 0.022613 0.022086 0 0 0.02068 0 0.020632 0.014927 0.014908 0 0.014599 0.012781 0.011654 0 0.011391 0.010663 0.01036 0.0075652 0.0070709 0.0069942 0.0059918 0.0046574 0.0044356 0.0043498 0 0.0037064 0.0035723 0 0.0035142 0 0 0.0024963 0.0022668 0.0011688 0.0010821 0 0 0.0010161 0 0.0001546 0.0001179 0
0 0.087279 0.084071 0.067569 0 0 0.06657 0.066235 0 0 0.056335 0.050944 0.045242 0.043607 0.042132 0.037897 0 0.036454 0.033609 0 0.033453 0 0.030409 0.029029 0.026388 0.017179 0.01654 0 0.014285 0.013214 0.012505 0.012139 0.011522 0.010903 0.009461 0.0080286 0.0062773 0.0053988 0 0 0.0048839 0 0.0041294 0 0.0040665 0.0039065 0.0022269 0.0018176 0.0012862 0 0.0012726 0.0009853 0.0003498 0.0003033 9.25e-05 0
1 0.16962 0.14981 0 0.10511 0 0.081451 0 0 0.066615 0.04796 0.03604 0.030239 0.02617 0.024755 0.02451 0.023245 0 0 0 0 0.022865 0.021669 0 0.019738 0.019229 0.019115 0 0.017775 0.014661 0.012948 0 0.011384 0.011054 0.0064797 0.0062133 0.0061642 0 0 0.0060282 0.0055286 0 0.0044609 0.0031078 0 0.0024788 0.0010454 0.0010206 0 0 0.0005686 0.0003208 0.0002779 0.0002089 0.0001289 0
1 0.14152 0.10516 0.089187 0.074992 0 0.055521 0.053883 0 0.049243 0.04688 0.043941 0.035079 0 0.028199 0.027366 0 0.026972 0.02572 0 0.024834 0.022776 0 0.021512 0.019684 0.01713 0.014449 0 0.013315 0.011477 0.0089013 0.0086166 0.0071961 0.0051724 0 0.0049134 0.0044629 0 0 0.0039521 0.0024511 0 0.0013316 0.0012092 0 0.0012077 0.0011 0 0 0 0.0003232 0.0002098 5.01e-05 3.23e-05 2.85e-05 0
0 0.094565 0.074762 0.070101 0 0 0.065838 0.054257 0 0.053331 0.050231 0.042251 0.042042 0 0.040572 0.033799 0.033545 0.030755 0.030447 0 0.02889 0.023239 0.022748 0.021623 0.017909 0.015766 0.015239 0 0.014959 0.014742 0.013498 0.012762 0.012186 0.011826 0.010382 0.0082362 0.0080877 0.0066042 0 0.0058551 0.0040589 0 0.0039873 0 0 0.0029033 0 0.0025899 0.0025664 0 0.002452 0.000145 0 0.0001389 0.0001132 0
0 0.14654 0.10027 0 0.080266 0.069371 0.062091 0 0 0 0.058145 0.051039 0.033047 0 0.032178 0 0.031909 0.02846 0.027755 0.027743 0.026611 0.02277 0.021901 0.021695 0.021541 0 0.021115 0 0.016436 0.015653 0.015383 0.013589 0.012627 0.009076 0.0075684 0.0040834 0.0036127 0.0035579 0 0.0033778 0.0030969 0 0.0025568 0 0.0014809 0.0012601 0.0012277 0.0006944 0.0001637 0 0 6.59e-05 0 2.98e-05 1.23e-05 0
1 0.1396 0.097661 0.081505 0.062252 0 0.057838 0.055214 0 0 0.055133 0.053164 0.039651 0 0.037752 0.036623 0 0.028772 0.026722 0.022828 0.022397 0.019587 0 0 0.018265 0.017478 0.016356 0 0.015127 0.014319 0.013595 0.011987 0.01001 0.0077909 0.0067094 0 0.0057989 0.0053232 0 0.0045837 0.0034026 0 0.0033042 0.0032134 0 0.0025246 0.0011187 0.0010144 0.00093 0 0.0002875 4.45e-05 3.2e-05 3.18e-05 2.77e-05 2.53e-05
1 0.12249 0.086803 0.078925 0.075256 0 0.072988 0.072406 0.062948 0 0.06202 0.056169 0.053786 0.051614 0.02695 0.02606 0.023333 0.021884 0.017129 0 0.016646 0.012153 0.00827 0 0.0080124 0 0.0046402 0 0.0044156 0 0.0043911 0.003945 0.0039167 0.003434 0 0.0032474 0.0032091 0 0 0.0023718 0.0023039 0 0.0021851 0.0019669 0 0.0015078 0.0010796 0 0 0 0.001029 0.0003104 9.04e-05 5.66e-05 5.21e-05 0
1 0.15179 0.076654 0.072799 0.063109 0 0.061169 0.058015 0 0.055411 0.052405 0.045159 0.043595 0.035642 0.029319 0.027567 0.024561 0 0.020033 0 0.020006 0.017325 0.016288 0.015859 0.014511 0.013981 0.013009 0 0.012176 0.01069 0.0091632 0 0.0086904 0.0064183 0.0053171 0.0049039 0.0025916 0.0025048 0 0.0023713 0.0020179 0 0.0013738 0.0012749 0 0.0007193 0.0006709 0.0002946 0 0 0.0002308 0.0001176 0.0001082 0.0001021 6.15e-05 0
0 0.10673 0 0.074586 0.074227 0 0.068707 0.068406 0 0.061891 0.055665 0.049889 0.047634 0 0 0 0.045234 0.041813 0.03278 0 0.029177 0.026561 0.023971 0.023665 0.018129 0.017451 0 0 0.017087 0.016762 0.012943 0.012185 0 0.0095881 0.0086466 0.0080746 0.0079822 0.0078133 0 0.0076909 0.0065954 0 0.0065413 0 0 0.0043194 0.0023707 0.0023075 0 0 0.0012654 0.00106 0.0001021 6.27e-05 4.83e-05 3.42e-05
1 0.23833 0.072625 0.066897 0.056505 0 0.049999 0.049407 0 0.048823 0.037395 0.033774 0.033746 0.02755 0.02644 0 0.025775 0.024973 0.020633 0 0.019581 0.018764 0 0 0.018744 0.016336 0.015258 0 0.014063 0.014033 0.012245 0 0.010565 0.0080408 0.007645 0.0056947 0.0056554 0 0 0.004766 0.0039662 0 0.0039513 0 0 0.0025979 0.0023594 0 0 0 0.0013654 0.0012627 0 0.0001584 3.99e-05 3.47e-05
1 0.19218 0.12924 0 0.10673 0 0 0 0 0.04933 0.046579 0.041322 0.036869 0.036163 0.035619 0.031677 0.03079 0.029908 0.027698 0.022602 0.021928 0.020199 0.019898 0.018538 0.015734 0.013417 0.012799 0 0.012715 0.0082414 0.0075499 0 0 0.0057422 0.0046884 0.0044134 0.0034633 0.0034096 0 0 0.0032159 0 0.002175 0.0020881 0 0.0013989 0 0 0.0009615 0 0.0004684 0.0001865 3.12e-05 3.03e-05 0 0
0 0.18567 0.071797 0 0 0 0.069915 0.063761 0 0.046269 0.045097 0.040819 0.04041 0 0 0.036418 0.033893 0.02946 0.027984 0 0.027809 0.024379 0.02306 0.020406 0.018471 0.018032 0.017508 0 0.016422 0.016285 0.016018 0.014103 0 0.013512 0.011802 0.011765 0.010499 0 0 0.0086193 0.0077466 0 0.007478 0.0063451 0 0.0054859 0.0045718 0.0036965 0.0036384 0 0.0005722 0.0001676 0 9.31e-05 2.18e-05 0
1 0.24055 0.10167 0.094062 0.084222 0 0.082389 0 0 0.053024 0.050126 0.04142 0.03543 0 0.023892 0.022317 0.019109 0.016918 0.013935 0 0.012732 0.011964 0.011717 0 0.0093124 0.0092687 0.0082533 0 0.0080423 0.0069081 0.0064281 0.0057727 0.0045684 0.0044697 0.0041638 0.0034905 0.0026061 0.0023091 0 0.0021911 0.0021793 0 0.0011256 0.0010837 0 0.0009552 0.0009341 0 0.000196 0 0.0001863 0 6.03e-05 2.34e-05 0 0
0 0.12598 0.091251 0.065804 0 0 0.065128 0.064674 0 0 0.055394 0 0.054642 0 0.052332 0 0.045485 0.040152 0.034417 0 0.032684 0.029763 0.025646 0.021277 0.020008 0.019052 0.017341 0 0.015778 0.015014 0.013502 0.013321 0.012849 0.011078 0.0096879 0.0095946 0 0.009572 0 0 0.009483 0 0.0048039 0 0 0.004139 0.0032667 0.0025502 0.0014504 0.0012777 0.0007474 0.0005497 0.0001952 0.0001048 3.1e-06 0
0 0.13528 0 0.10867 0.10038 0 0.061831 0.050194 0 0.048398 0.048397 0.044382 0.04217 0 0.036956 0.031175 0.028711 0.025607 0.023344 0 0.021468 0.021027 0.020927 0.019912 0.018569 0.016291 0.014545 0 0.013645 0.010177 0.0077167 0.0064591 0 0.0059666 0.0059483 0.004891 0.0046806 0.0044694 0 0 0.0039333 0 0.0035672 0 0 0.0027112 0 0.0023615 0.0018632 0 0.0012047 0.0009278 0.0007415 0.0003955 0.0001022 0
1 0.17917 0.14675 0.13755 0.090205 0 0 0.05586 0.042575 0 0.041517 0 0.034565 0 0.032549 0.0299 0 0.029806 0.026329 0 0.022866 0.022467 0.021838 0 0.01726 0 0.011906 0 0.011179 0.0078889 0.0071424 0 0.0040783 0.0038022 0.0037628 0.0037546 0.0034694 0.0024682 0 0.0022604 0.0013256 0 0.0012279 0 0 0.0012244 0.0011413 0 0 0 0.0010524 0.0006513 0.0002082 0.0001347 0.0001072 0
1 0.2166 0.16139 0.083541 0 0 0.078443 0.069478 0 0.048608 0.047366 0 0.041886 0.031899 0.030986 0.027432 0.020583 0.017391 0.016606 0 0.013257 0.011217 0.009681 0 0.0091324 0 0.0085717 0 0.00851 0.0080777 0.0068161 0 0.006621 0.0051864 0.0046701 0.0039912 0.0030609 0 0 0 0.0025933 0 0.0012649 0 0 0.001255 0 0.001209 0.0011699 0 0.000597 0 0.0004335 0.0003431 0.0001316 0
1 0.13753 0.072886 0.06866 0.067222 0 0.06553 0.064978 0 0 0.057182 0.056357 0.054125 0.047961 0.035781 0.034154 0.030809 0.028921 0.024084 0 0.023421 0 0.019814 0 0.019181 0 0 0 0.017522 0.012925 0.011649 0.010314 0.0086135 0.0049665 0 0.0048929 0.0048919 0 0 0.0036748 0.0026254 0 0.0025774 0 0 0.0020915 0 0.0018531 0 0 0 0.0014462 0 0.0012871 7.21e-05 0
1 0.10418 0.096952 0.076491 0.06988 0 0.062961 0 0 0.0585 0.045967 0.036925 0.036571 0 0.034791 0 0.034596 0.033827 0 0 0 0.028299 0.028273 0 0.025067 0 0 0 0.024221 0.023973 0.022074 0.021436 0.020162 0.02012 0.019835 0.017415 0.016574 0 0 0.016305 0.006278 0 0.0049498 0.0045759 0 0.0037941 0.0035934 0 0 0 0.0010748 0.0001507 0 9.74e-05 8.87e-05 0
0 0.10769 0.08534 0.075763 0.072714 0 0.069378 0.065704 0.063327 0 0.054147 0.045754 0.036032 0 0.035773 0 0 0.02952 0.025755 0 0.023814 0.023493 0.020385 0.01828 0.016046 0.015725 0.015445 0 0.013493 0.011623 0.010679 0.010297 0.0079755 0.0072097 0.0066592 0.0066471 0.0062814 0.003707 0 0.0032161 0.0026956 0 0.002509 0.0023757 0 0.0017132 0.0011723 0.0008314 0.0005205 0.0001826 6.36e-05 3.48e-05 0 2.27e-05 6.2e-06 0
1 0.16533 0.14349 0 0 0 0.10201 0.07913 0.07266 0.065828 0.063626 0.035338 0.027353 0 0.025087 0.023999 0.023327 0.020159 0.017888 0 0.017887 0.014615 0.013093 0 0.013082 0.011117 0.010482 0 0.0069046 0.0062255 0.0060337 0.0058745 0 0.003952 0.0039377 0.003572 0.0029547 0 0 0.0027953 0.0027109 0 0.0016283 0.0015269 0.0014662 0.0014068 0.0010018 0.000897 0 0 0.0006211 0.0006185 0.0002609 6.9e-05 3.5e-05 0
1 0.1786 0.13305 0.057819 0.053489 0 0.050719 0.049012 0.040633 0 0.039754 0 0.03739 0.036061 0.032174 0.029771 0.029488 0.021993 0.021499 0 0.019985 0.018057 0.016133 0.015523 0.013333 0.01291 0.012417 0 0.01161 0.011551 0.0086833 0.0081111 0.0077095 0.0072433 0.0068438 0.0039503 0.0030341 0.0025532 0 0.0024279 0.0015821 0 0.0011508 0 0 0.0011368 0.0011228 0 0 0 0.0009945 0.0002443 0.000106 9.38e-05 3.42e-05 0
1 0.21949 0.10871 0.079426 0 0 0.06446 0 0 0.057404 0.054366 0 0.041517 0.038448 0.031383 0.028524 0 0 0.028019 0 0.027491 0.02537 0.02098 0 0.018745 0.018477 0.014744 0 0.013947 0.013667 0.012684 0 0.01158 0.011252 0.0099412 0.0098913 0.0087989 0 0 0.0087887 0.0073323 0 0.0059066 0 0 0.0049974 0.0016109 0 0 0 0 0.0011903 0 0.0006315 0.0002267 0
1 0.19588 0.16117 0.11811 0.10341 0 0.043364 0 0 0.042353 0.041379 0.040988 0.03413 0.027086 0.027007 0.022607 0 0.017947 0.015357 0.015323 0.012811 0.011682 0.0092642 0 0.0067567 0 0.0061943 0 0.0057619 0.0056824 0.0052642 0.0046394 0.003501 0.0034596 0 0.0032553 0.0032224 0 0 0.0025632 0.0023297 0 0.0023198 0.0012611 0 0.001163 0.0010835 0.000763 0.0003409 0.0002107 0.0001436 0.00011 3.43e-05 3.42e-05 1.96e-05 1.75e-05
1 0.14034 0.13611 0.10795 0.074434 0 0.068201 0.043474 0 0.042509 0.038313 0.035438 0.033943 0 0.033805 0.031103 0 0.030713 0.028234 0 0.024532 0.023356 0 0 0.022705 0 0.019963 0 0.01154 0.0083947 0.0068647 0 0.0068405 0.0062514 0.0053999 0.0045302 0.0034358 0.0026342 0 0.0021963 0.0021189 0 0.0017543 0.0010571 0 0.0008186 0.0005788 0 0 0 0.0001679 9.56e-05 9.43e-05 6.18e-05 3.54e-05 0
0 0.15075 0.11316 0.070723 0.05886 0 0.056979 0.055457 0 0 0.055384 0 0.046464 0 0.045713 0.045672 0.035548 0.026541 0.025734 0 0.025642 0.025586 0.023643 0 0.02302 0.022981 0.020473 0 0.014316 0.0093931 0.0086128 0.0084745 0.0059522 0.0051251 0.0046268 0.0032024 0.0022741 0.0021277 0 0.0015296 0.0013873 0 0.0012235 0 0.001154 0.0011503 0 0.000515 0 0 0.0002398 0.0001441 0.0001235 3.56e-05 2.93e-05 2.48e-05
1 0.14611 0.12963 0.094355 0.088693 0 0.049054 0.048945 0 0.046946 0.045175 0 0.042569 0.03772 0.034921 0.026593 0 0 0.023884 0.023087 0.022155 0.01703 0.016112 0 0.015274 0 0.014092 0 0.014083 0.01395 0.0081026 0 0.0074067 0.0073338 0.0065443 0.0059154 0.0034523 0.0020989 0 0 0.0020788 0 0.0013164 0.0010784 0 0.0010446 0.001031 0.0009793 0.0009222 0.000149 0.0001186 2.62e-05 0 1.42e-05 5.1e-06 0
0 0.14367 0.1177 0.093614 0 0 0.08749 0.069515 0.052735 0.050856 0.038363 0.037741 0.027926 0 0.026041 0.023395 0.019472 0.019215 0.016662 0 0.015062 0.014547 0.014512 0.013159 0.010144 0.0096337 0.0088989 0 0.0083874 0.0078853 0 0.0077756 0.007483 0.0072302 0.006911 0.0068315 0.0068153 0.0063894 0 0.0057109 0.0056964 0 0.005052 0 0 0.0022441 0.0013365 0.0012262 0.0010913 0 0.0004456 0.0004425 0.0003655 0.0002276 9.59e-05 0
1 0.1144 0.10544 0 0.070864 0.065188 0.061119 0.060202 0 0.059156 0.057364 0.051718 0.050131 0 0.045018 0.037417 0.028126 0.024064 0.017179 0.016604 0.015887 0.015383 0.013833 0.013274 0 0.011041 0.010598 0 0.010331 0.0083142 0.0077301 0.0070936 0.0037867 0.0036751 0.0026287 0.0026064 0.0024867 0.001949 0 0 0.0017635 0 0.0013466 0.0012055 0 0.0010004 3.4e-05 0 0 0 0 0 0 3.07e-05 3.3e-06 0
0 0.11238 0.0843 0.083205 0.068329 0 0.062265 0.061333 0.057435 0.043389 0.036371 0.033942 0.033552 0 0.029304 0.029138 0 0.026691 0.025883 0 0.024803 0.024659 0.024589 0.024369 0.022708 0.017729 0.015242 0 0.011428 0.0074076 0.0050993 0.0050179 0 0.0045789 0.0043451 0.0039202 0.0035126 0 0 0 0.0034958 0 0.0026386 0.0012906 0.0012036 0.0011693 0.0010186 0.0009994 0.0008609 0 0.0001239 0.0001134 7.16e-05 5.83e-05 3.22e-05 0
0 0.13148 0.078817 0.067432 0.067354 0 0.055012 0.052717 0 0 0.048033 0.047201 0.046537 0.04478 0 0.036905 0 0.03171 0.027287 0 0.02534 0.024512 0.024335 0.024003 0.02048 0.018681 0.017369 0 0.015737 0.015677 0.012264 0.01048 0.0098138 0.0096091 0.0090074 0.0089181 0.0058351 0.0046831 0 0.00233 0.0016974 0 0.0012634 0.0012425 0 0.0005773 0 0 0 0 0.0004656 0.0002845 0 6.95e-05 3.01e-05 2.8e-05
0 0.1802 0.13891 0.069012 0.06783 0 0.059094 0.046864 0 0 0.042632 0.031762 0.030896 0 0 0 0 0.027649 0.025815 0.024892 0.024771 0.022731 0.021051 0.019071 0.018476 0.018279 0.015698 0 0.015363 0.01358 0.012505 0.012127 0.011356 0.0098147 0.0085035 0.0075399 0.0053526 0.0040061 0 0.0034319 0.002494 0 0.0024899 0 0.0015381 0.0012159 0.0010556 0.0010247 0.0006355 0 0 0.0001485 0 8.34e-05 6.46e-05 3.48e-05
0 0.19603 0 0 0.084394 0 0.070847 0.060454 0.050902 0 0.044807 0.041561 0.03963 0 0 0 0.035776 0.035318 0.033837 0 0.026797 0.024211 0.022731 0.020936 0.020103 0.01979 0.019763 0 0.019414 0.016435 0.014363 0.01415 0 0.013655 0.010109 0.0090863 0.0084457 0.0080302 0 0.0080118 0.0064528 0 0.0061282 0 0.0060922 0.0050115 0.0035753 0 0.001337 0 0.0012558 0.0002689 0.0001281 0.0001 6.29e-05 0
1 0.16876 0.096732 0.065298 0.052425 0 0 0.051924 0.051076 0.048339 0.041734 0.038803 0.031181 0 0.029264 0.026857 0.026053 0.025043 0.024403 0 0.023499 0.022056 0.02091 0.020731 0 0.017315 0.016885 0 0.015581 0.013274 0.010571 0.0086117 0.007638 0.0071466 0.0060382 0.00593 0.0052735 0.0048231 0 0.0036208 0.0035904 0 0.0024323 0.002354 0 0.0015987 0.0013053 0.0002703 0 0 0.0001786 0.0001667 0.0001381 9.89e-05 4.23e-05 2.58e-05
1 0.12945 0.12378 0.092027 0.084146 0 0.057225 0.053096 0 0 0.049746 0 0.048084 0 0.041025 0.036591 0.034336 0 0.033958 0.026849 0.024541 0.023751 0.020711 0 0.015785 0.014759 0.011662 0 0.011585 0.009679 0.0084741 0 0.0072348 0.0070641 0.006715 0.0060235 0.0060114 0.0045141 0 0.0036144 0.0023766 0 0.0020048 0 0 0.0013839 0.0011683 0 0.0004568 0 0.0001009 6.42e-05 0 6.1e-06 0 0
0 0.11945 0.092882 0 0 0 0.062592 0.062004 0 0.054823 0.053361 0.04651 0.03716 0 0.036982 0.036047 0 0.035425 0.034083 0 0.033743 0.03047 0.030275 0 0.030248 0.028067 0.027363 0 0.025923 0.024189 0.014867 0.014642 0.011121 0.010273 0.0089467 0.0086034 0.0063916 0 0 0.0054961 0.0037185 0 0.0034702 0.0026043 0 0.0025293 0.0024374 0.0017112 0.0012291 0 0.0001772 9.01e-05 0 6.82e-05 2.15e-05 0
1 0.18304 0.14047 0.080701 0.054385 0 0.044921 0.04102 0 0.038851 0.037392 0.03711 0.029546 0 0.027235 0.025291 0 0.024653 0.02337 0.023196 0.022081 0.021809 0.01998 0 0.018022 0 0.016967 0 0.015725 0.014258 0.013801 0.010339 0.0091081 0.0068894 0 0.006627 0.0035975 0 0 0.0028171 0.0027394 0 0.002113 0.0011076 0 0.0004129 0 0 0 0 0.000195 0.0001206 5.86e-05 2.63e-05 2.17e-05 0
0 0.090968 0.085681 0.064428 0 0 0.05987 0.059347 0 0.055574 0.046895 0.043372 0.042166 0 0.034297 0.031525 0.031173 0.03108 0.029324 0 0.02599 0.025105 0.023742 0.021876 0.02169 0.019786 0.019659 0 0.015011 0.013639 0.01291 0.012665 0.012342 0.011565 0.011318 0.011077 0.009789 0.007197 0 0 0.0042764 0 0.0034889 0.0027818 0 0.0027686 0.0014458 0.0012976 0.0009669 0 0.0008941 0.0005898 0.0002247 0.0001402 6.48e-05 0
0 0.12173 0.079019 0.078269 0.072712 0 0.070535 0.061043 0 0 0.056328 0.045098 0.036422 0 0.033286 0.029382 0.025625 0.025619 0.024874 0.024624 0.022213 0.020504 0.019845 0.018713 0.01672 0 0.015098 0 0.012851 0.012562 0.011605 0 0.0082098 0.0081586 0.0075606 0.0072848 0.0072809 0.0063336 0 0.0051748 0.0048719 0 0.0046278 0 0 0.0020677 0 0.0017339 0.0012899 0 0.0002931 0.0002837 7.82e-05 6.73e-05 9.7e-06 0
0 0.093661 0.08719 0.086913 0.071018 0 0.069537 0.067394 0.063187 0 0.059257 0.058221 0.054605 0.049688 0.048089 0 0 0.023331 0.022415 0 0.02045 0 0.013159 0.012369 0.011854 0.010259 0.008636 0 0.0080022 0.0079731 0.0073595 0 0.0073239 0.0071056 0.0059634 0.0057967 0.004482 0 0 0 0.0030312 0 0.002832 0 0 0.0021933 0 0.0016529 0.0014182 0 0.0010415 0.0009315 0.0008728 0.0004905 0.0002938 0
1 0.27051 0.094759 0.081573 0.06524 0 0 0 0 0.052615 0.047969 0.044081 0.043646 0 0.037995 0.035416 0 0.034466 0 0 0 0.021931 0.019329 0.016967 0 0 0.016095 0 0.014399 0.014342 0.013674 0.010163 0.010101 0.0096287 0 0.009288 0.0086631 0 0 0.0084495 0.0059336 0 0.0033536 0 0 0.002562 0.0023985 0 0 0 0.0022955 0.0011827 0.0007679 0.0001212 4.88e-05 3.49e-05
1 0.090051 0.08806 0 0.086386 0.084273 0.063664 0 0 0.058616 0.048482 0.046166 0.044348 0.04002 0.034708 0.034472 0.033984 0.031291 0.026075 0 0.025863 0.0225 0.015271 0 0.014523 0.013795 0.01187 0 0.011089 0.0099 0.0092709 0.0071388 0.0065742 0.0064619 0.0062681 0.0048928 0.0047759 0.003682 0 0.0036242 0.0027004 0 0.0023635 0 0 0.0011985 0.0011866 0 0.0011427 0 0.0010837 0.0009556 0.0006067 0.0004252 0.000242 0
0 0.16114 0 0 0.10179 0 0.085781 0.07045 0 0 0.04496 0.042013 0.040032 0 0.039873 0.039804 0.03832 0.033868 0.027465 0 0.025936 0.024783 0.023293 0.021037 0.019707 0.0176 0.017244 0 0.015908 0.013739 0.013672 0.010987 0.010341 0.0097122 0.009411 0.008454 0.0062576 0 0 0.0041173 0.0041101 0 0.0040925 0.0040879 0.0038286 0.003727 0 0 0.001242 0 0.0006907 0.0002748 0.0001389 7.88e-05 3.57e-05 0
0 0.091469 0.08878 0.074531 0.072572 0 0.071979 0 0 0 0.06519 0.04444 0.043326 0 0.043312 0 0 0.039877 0.031948 0.028893 0.027139 0.025056 0.023549 0.022718 0.021744 0.020428 0 0 0.018396 0.018233 0.017813 0.016666 0.01653 0.01582 0.011808 0.010319 0.0091821 0.0079657 0 0 0.0071444 0 0.0045989 0.0029055 0 0.0014095 0.0013218 0.0013189 0.0009226 0.000461 0.0001165 0 9.94e-05 9.3e-06 8.5e-06 0
0 0.13769 0.12835 0.10219 0 0 0.095289 0.081429 0 0.057558 0.050797 0.046112 0.032503 0 0 0.029322 0 0.028295 0.027449 0 0.018667 0.016717 0.015337 0.015262 0.014377 0.01298 0.0095143 0 0.0093859 0.009184 0.0084299 0.0077899 0.0065493 0.0063594 0.0052898 0.0050646 0.0049745 0.0038157 0 0.003445 0.001756 0 0.0017178 0.0013696 0 0.0013102 0 0 0 0 0.0012324 0.0011968 0.0011273 0.0001315 3e-05 0
1 0.20704 0.11592 0.099168 0.07864 0 0.07499 0 0 0 0.059313 0.034664 0.033851 0.030697 0.028843 0.028617 0 0.026466 0.022105 0.017352 0.017136 0.015791 0.015309 0 0.013259 0.01193 0.011195 0 0.010197 0.0089118 0.008041 0 0.0060311 0.0055915 0 0 0.0053263 0 0 0.0036142 0.0035855 0 0.0022707 0.0021491 0 0.0009399 0.0009048 0 0 0 8.45e-05 3.04e-05 0 1.99e-05 1.49e-05 0
1 0.11899 0.091127 0.088966 0 0 0.081061 0.072711 0 0 0.07216 0.061002 0.048485 0.042606 0.040235 0.029631 0.02866 0.028576 0.024806 0 0.022959 0.018382 0.015892 0 0.014354 0 0.01388 0 0.013202 0.01272 0.0083703 0.0082922 0.0073643 0.0069787 0.0067334 0 0.0066889 0 0 0.0045443 0.0040338 0 0.0014944 0.0014795 0 0.0014565 0.0012999 0.0004084 0 0 0.0001418 0.0001298 0 0.0001159 6.95e-05 0
1 0.12269 0.10665 0.075945 0.07038 0 0.067657 0 0 0.061381 0.051127 0.04804 0.045864 0.045375 0.044611 0.043973 0.037744 0.030171 0 0 0 0.020994 0.018592 0.014758 0.014524 0 0.013862 0 0.012192 0.012165 0.008624 0.0038457 0.0035127 0.0033826 0.0033813 0 0.0027513 0.002476 0 0.0024392 0.0023742 0 0.0023739 0 0 0.0020748 0.0012421 0.0011412 0 0 0.0008755 0.0003911 0.0001901 0.0001491 7.63e-05 0
0 0.10226 0 0.096189 0.095842 0 0.066258 0.056297 0 0 0.055316 0 0.054581 0 0 0.049368 0.045729 0.038841 0.037469 0 0.035646 0.027511 0.025779 0.022384 0.02171 0.02135 0.020636 0 0.020088 0.018577 0 0.016479 0 0.014587 0.014291 0.0098099 0.0079172 0 0 0.0060864 0.0042809 0 0.0037824 0.0036689 0 0.0017552 0.0013171 0.0012843 0.0011749 0 0.0011448 0.0003894 0.0001025 6.65e-05 3.08e-05 0
1 0.11432 0.10642 0 0 0 0.068867 0 0 0.067198 0.06471 0.054772 0.053357 0 0.048998 0.046551 0.04438 0.040409 0.038525 0.028378 0.023551 0.02221 0.019486 0.019262 0.019133 0.015863 0.013722 0 0.010855 0 0.0096811 0 0.0091626 0.0083951 0.0083635 0.0083245 0.0082209 0.0060734 0 0.0050819 0.0049488 0 0.0035602 0.0034985 0 0.0011583 0.0010633 0.0005397 0 0 0.0004305 0.0003787 8.42e-05 5.14e-05 1.9e-05 0
1 0.12965 0.11709 0.099081 0.078822 0 0.056913 0.05438 0 0 0.04619 0.03988 0.03977 0 0.037955 0.036557 0.036514 0 0 0 0 0.035797 0.022881 0 0.022838 0.018725 0.013831 0 0.01346 0.012656 0.010569 0 0.010355 0.010167 0.0084445 0.0078968 0.0077903 0 0 0.005465 0.0053106 0 0.0038541 0.0037625 0 0.0035859 0.0034646 0 0.0024903 0 0.002331 0.0007969 0.0005141 0.0001462 3.68e-05 3.21e-05
0 0.11189 0 0.095477 0 0 0.093525 0.079605 0 0 0.062091 0.056298 0.055413 0.053598 0 0 0.050489 0.042676 0.034576 0.030425 0.030373 0.02165 0.019895 0.017387 0.016921 0.01588 0.015531 0 0.01357 0.011841 0.0077953 0.0073987 0.0070734 0.0070084 0.0067514 0.0066963 0.0063573 0.0059098 0 0 0.0053292 0 0.0043737 0 0 0.0032428 0 0 0.0017115 0 0 0.0011091 0 0.0001223 8.8e-06 0
0 0.14556 0.067326 0 0.060975 0.056076 0.052828 0.051034 0 0 0.047356 0.040793 0.040325 0 0.039984 0.034686 0.03415 0.02903 0.02849 0 0.028109 0.023861 0.022649 0.022411 0.018939 0.018694 0.018248 0 0.017376 0.014154 0.012107 0.011863 0.010719 0.0093615 0.0089631 0.0068243 0.0059489 0.0056163 0 0.0051923 0.00509 0 0.0024098 0 0.0017474 0.0007657 0 0 0 0 0.0001187 8.92e-05 6.77e-05 5.58e-05 4.3e-06 0
0 0.088438 0.076513 0 0.074831 0 0.069743 0.068226 0.066262 0 0.058347 0.052895 0.045986 0 0.043187 0.041067 0.038046 0.035343 0.020502 0 0.020082 0.019887 0.018812 0.01656 0.016479 0.013184 0.011372 0 0.011174 0.0099805 0.0082015 0.0080552 0.0079127 0.0076829 0.0075423 0.0068161 0.0052235 0.0047906 0 0.0041905 0.0040942 0 0.003888 0 0.0037961 0.0032 0.0026748 0.002092 0 0.0020447 0.0004711 0.0002445 8.58e-05 6.33e-05 1.35e-05 0
1 0.162 0.12902 0.080313 0.068105 0 0.058241 0.054903 0 0.047035 0.037292 0.036679 0.031483 0.026822 0.024378 0.024056 0.022639 0.019666 0.01599 0 0.014753 0 0.014506 0 0.013106 0.012685 0.012088 0 0.01192 0.01065 0.010201 0.0090853 0.0078879 0.0065678 0.0051664 0.0051569 0.0048462 0.0041715 0 0.0026594 0.0026018 0 0.0024719 0 0 0.0024221 0.0019502 0.0014684 0.0012392 0 0.001236 0.0007744 0.0007042 0.0006144 0.000454 0
0 0.12489 0.090744 0.074181 0.064807 0 0.064376 0.064226 0 0.056908 0.054131 0.052085 0.050285 0 0.027441 0.026311 0 0.025899 0.024616 0 0.020977 0.020326 0.019005 0.015661 0.01379 0.013475 0.012715 0 0.012146 0.010923 0.0097699 0.0097355 0.0089137 0.0052325 0.0052099 0.0036201 0.0035796 0.0035028 0 0.0028233 0.0023874 0 0.0021027 0.0012847 0 0.0010957 0 0 0 0 0.0003312 0 0.0001967 0.000173 0.0001233 0
1 0.15633 0.097093 0.093812 0.088168 0 0.056281 0.054125 0 0.045367 0.030823 0.02909 0.02767 0 0.027097 0.027008 0.026265 0.022969 0.02023 0 0.020042 0.01876 0.017284 0 0.015791 0.014096 0.013906 0 0.01364 0.012902 0.0099043 0.0091386 0.0079789 0.007907 0.0061683 0.0051799 0.0050735 0 0 0.0038824 0.0034395 0.0027587 0.002738 0 0 0.0025134 0.0021963 0 0.0011865 0 0 0.0010214 0 0.000142 2.58e-05 0
0 0.14531 0.086589 0.066445 0.052286 0 0.051658 0.0512 0 0.047841 0.04776 0 0.044345 0 0.043147 0 0.042815 0.036795 0.028933 0 0.023598 0 0.022735 0.022401 0.02159 0.020618 0 0 0.020311 0.019699 0.019665 0.017092 0.015234 0.011189 0.0092915 0.0077231 0.0066321 0.0054894 0.0026593 0 0.0026081 0 0.0025265 0 0 0.0023305 0 0 0 0 0 0.0007141 0 0.0006413 0.0001297 3.5e-06
1 0.16421 0 0 0.10719 0.091165 0.090488 0.087955 0 0.055156 0.04495 0.043559 0.035401 0.03156 0.028218 0.022759 0.022583 0.019138 0.019044 0.018193 0.017531 0 0.013749 0 0.012877 0.012377 0.010002 0 0.0079334 0.0055378 0.0045655 0.0045244 0.0038953 0.0035198 0.003335 0.0033263 0.0032851 0.0027476 0 0 0.0021533 0 0.002152 0.0015874 0.0013878 0.0010604 0.0005513 9.99e-05 0 7.35e-05 6.58e-05 5.13e-05 3.35e-05 8e-06 2.4e-06 0
0 0.12039 0.11356 0.088498 0.084228 0 0.072637 0.071355 0 0.044878 0.042405 0 0.038466 0 0 0.029256 0.029168 0 0.027719 0.024708 0.022528 0.019961 0.019433 0.018265 0.01535 0 0.013354 0 0.010135 0.0092893 0.0087409 0.0085902 0.0085153 0.008259 0.0075266 0.0069249 0.00617 0.0057655 0 0.0041361 0.0039284 0 0.003897 0.0038307 0 0.0035408 0.0022525 0.0014153 0.0004722 0 0.0001855 0.0001362 5.67e-05 5.02e-05 2.17e-05 0
1 0.16331 0.092384 0.070667 0.067104 0 0.05722 0.053985 0 0 0.053911 0.051213 0.050368 0.037856 0.031331 0.030539 0 0.027335 0.027283 0 0.025706 0.019814 0.016903 0 0.015275 0.014442 0.01163 0 0.0097087 0.0075042 0.0073764 0.0071526 0.0064572 0.0063364 0.006053 0.0049991 0.0049189 0.0037159 0 0.0026004 0.0024581 0 0.0023953 0.0023833 0 0.0023287 0.002138 0 0.0013207 0 0.000912 0.0005217 0.0002124 0.0001658 6.12e-05 0
1 0.16849 0.13881 0 0.088752 0.072603 0.059768 0 0 0 0.053503 0.047656 0.038746 0 0.034255 0 0.030022 0.029421 0.029102 0.027331 0.02323 0.022613 0.021554 0 0 0 0.017515 0 0.016792 0.015023 0.013175 0 0.012864 0.01048 0.0070302 0.0067691 0.0053075 0.0036255 0 0.0023181 0.0016688 0 0.0009607 0.0003667 0 9.69e-05 0 0 0 0 8.91e-05 2.71e-05 0 1.7e-05 1.44e-05 0
1 0.13938 0.087503 0 0.072933 0 0.066095 0.059965 0 0.053132 0.046298 0.041919 0.037361 0 0.036491 0.034414 0.032029 0.030273 0.030049 0.026718 0.025156 0.019561 0.018804 0 0.018233 0.015963 0.015718 0 0.013222 0 0.011437 0 0.010268 0.0086429 0 0.0085808 0.0083676 0 0 0.0081958 0.0077449 0 0.0062664 0 0 0.0034771 0.0032046 0 0.0020352 0 0.0004067 9.69e-05 3.16e-05 1.86e-05 1.43e-05 0
1 0.15946 0.13721 0 0.072813 0 0.060861 0.0587 0.056882 0.048686 0.044312 0.041569 0.036484 0 0.027113 0.024523 0 0.022188 0.020711 0 0.018458 0.018007 0.017958 0 0.015262 0 0.0147 0 0.013703 0.011959 0.011659 0 0.0099775 0 0.0090259 0 0 0.0084259 0 0.0075308 0.0075151 0 0.0074667 0.0055435 0 0.0049924 0.0028376 0.0017086 0 0.0011868 0.0002048 0.0001362 0.0001132 9.17e-05 2.38e-05 0
1 0.14186 0.10196 0 0.090615 0 0.06013 0.055683 0 0 0.054499 0.050368 0.044527 0.043673 0.038158 0.036335 0.034839 0.02909 0.025195 0.02256 0.019248 0.01846 0 0 0.015772 0 0.015683 0 0.014917 0.013363 0.01305 0.010323 0.0093196 0.0082156 0.0074054 0.0054079 0.0037161 0 0 0.0028436 0.0023686 0 0.002343 0 0 0.0023425 0.0023332 0.001297 0.0010605 0.0009319 5.93e-05 3.87e-05 0 1.06e-05 2.9e-06 0
0 0.1664 0.10431 0 0.07892 0 0.065254 0.056728 0 0 0.054342 0.051114 0.047306 0 0.04301 0.042393 0 0.041244 0.037112 0 0.025797 0 0.023113 0.022261 0.019729 0.017496 0.017156 0 0.013337 0.011318 0 0 0 0.011294 0.011104 0.010066 0.0078651 0.0041811 0 0.0040512 0.0028842 0 0.0027931 0 0.0025265 0.0012983 0.0011824 0.0009051 0.0006305 0 0.0005476 0.0001148 0.0001097 6.41e-05 3.88e-05 0
0 0.10064 0.082542 0 0.068959 0 0.065431 0.058672 0 0 0.05408 0 0.052524 0 0.048078 0.047389 0.040878 0.036771 0.029689 0 0.027339 0.024659 0.023353 0.021525 0.021498 0.021457 0.019137 0 0.018673 0.016752 0.016445 0 0 0.015758 0.014344 0.011755 0.01037 0.0089584 0 0.0084765 0.0080934 0 0.0072676 0 0 0.0069502 0.004071 0.0029546 0.0015204 0.0014347 0.0012735 0.0001679 0 0.0001128 6.4e-06 0
0 0.11597 0.088302 0.077751 0.069319 0 0.065764 0.064355 0 0.055437 0.039684 0.039101 0.03424 0 0.033536 0.032165 0.03036 0.023238 0.019134 0 0.018644 0.018513 0.016891 0.013646 0.013583 0.013526 0 0 0.012415 0.011807 0.011054 0.010281 0.0098761 0.0098279 0.0068512 0.0063263 0.0056642 0.0050627 0 0.0049456 0.0049018 0 0.0047061 0 0 0.0043996 0 0.0034674 0.0023501 0.0019587 0.0006546 0.0001963 0 9.1e-05 5.4e-06 0
1 0.16971 0.14746 0 0 0 0.10698 0.080247 0 0 0.061085 0.05393 0.045406 0 0.039655 0.031077 0 0.030731 0.030223 0.021533 0.019898 0.019876 0.019519 0.019028 0.014187 0.011703 0.010306 0 0.010216 0.0091586 0.0091134 0.0085799 0.0071749 0.0056598 0.0054546 0.0033013 0.0021494 0.0021168 0 0 0.0011421 0 0.0010909 0 0 0.0009005 0.0005522 0 0 0 0.0005275 0.0001934 0.0001071 2.7e-06 0 0
0 0.13543 0 0 0.11381 0.09354 0.068057 0 0 0 0.067279 0.061172 0.047711 0 0.046245 0.045173 0 0.040231 0.034756 0 0.030117 0.029458 0.028803 0.027422 0.021986 0.016045 0 0 0.014789 0.010589 0.010233 0.0095887 0.0080658 0.0077684 0.0054334 0.0044953 0.0037111 0.0037103 0 0.0027755 0.0025625 0 0.0022186 0 0.001882 0.0012863 0 0.0010851 0.0010747 0 0.0006594 0.0005701 0.0001454 6.13e-05 5.56e-05 0
1 0.14673 0.13405 0 0 0 0.10306 0.089006 0 0.051771 0.04559 0.042624 0.039406 0 0.03842 0.030998 0.029991 0.026558 0.026078 0 0.020423 0.019655 0.018211 0.017592 0.014829 0.013729 0.012628 0 0.0098352 0.0096467 0.0095038 0.0091604 0.0071515 0.0059605 0.0059332 0.0036446 0.0035808 0 0 0.0035192 0.0021241 0 0.0019028 0 0 0.0015262 0.0011676 0.0011355 0.0010932 0.0010691 0.00056522 0.0001045 0 3.1201e-05 2.8001e-06 0
0 0.13712 0.077345 0.063901 0.060902 0 0.060272 0.054287 0 0 0.051119 0.050944 0.048187 0 0 0.04771 0.04687 0.041295 0.039956 0 0.03147 0.031309 0.022767 0.018507 0.013739 0.010348 0.01011 0 0.010085 0.0091194 0.0090758 0.0074369 0 0.0072574 0.0057559 0.0048523 0.0043021 0.0040494 0 0.0040192 0.0036607 0 0.0036592 0 0.0034446 0.0012358 0.0012303 0 0.0010577 0 0.0010274 0.0002128 0.0001635 0.0001426 4.88e-05 0
1 0.19665 0.11784 0.076575 0.068406 0 0 0.047706 0.044996 0.044191 0.040645 0.03511 0.034749 0 0.031176 0.024191 0.021429 0.02039 0.01969 0 0.01728 0.016675 0.016649 0 0.01582 0 0.015382 0 0.013992 0.011701 0.01059 0 0.0086842 0.0082942 0.0050007 0.0049551 0.0049027 0.0041078 0 0.003858 0.0037918 0 0.003649 0.0036358 0 0.0024126 0.0019839 0.0018951 0 0 0 0.0007788 0 0.0001111 6.6e-05 4.11e-05
0 0.12455 0.091934 0.091266 0 0 0.05609 0.055661 0 0 0.050809 0.04581 0.04114 0 0 0.036722 0 0.036587 0.035287 0 0.033634 0.03338 0.033147 0.031017 0.02761 0.024561 0.023645 0 0.020526 0.018069 0.017459 0.014946 0.01079 0.0093036 0.0065335 0.0057505 0.0044748 0.0043041 0 0.0031479 0.0028416 0 0.0027228 0 0.0023429 0.0015694 0.0012435 0 0 0 0.0005732 0.0002266 0.0001515 0.0001263 4.96e-05 0
0 0.14141 0 0 0.087414 0 0.073245 0.071609 0.064496 0 0.063246 0.053248 0.051862 0 0 0.049302 0.038722 0.034497 0.032672 0 0.032442 0.022006 0.020211 0.020203 0.018743 0.018274 0.013548 0.013085 0.010552 0.0086053 0.0081292 0.0076095 0.007509 0.0074871 0.0061333 0.0038916 0.0033526 0.0030629 0 0 0.0029448 0 0.0025985 0 0 0.0025984 0.0024249 0 0.0011566 0 0.0010232 0.0004329 0.0001627 5e-05 3.98e-05 0
0 0.099639 0.094263 0.085366 0.05675 0 0.056309 0.054106 0 0.049371 0.044852 0.041903 0.041262 0.037084 0.03024 0.028311 0.026925 0.025874 0.023771 0 0.021589 0.021178 0.016898 0.015839 0.015587 0.015158 0.014792 0 0.013553 0.0094061 0.00939 0.0076968 0.0063343 0.0060345 0.0046943 0.0043661 0.0038515 0.0030186 0 0.0028412 0.0026766 0 0.0026226 0.0023425 0 0.0014108 0.0013954 0 0 0 0 0.0010041 0 0.0002536 3.87e-05 0
1 0.11721 0.11114 0.097158 0.075148 0 0.07249 0.068635 0 0.060478 0.044253 0.040155 0.033227 0 0.029526 0.02781 0.021422 0.01999 0.019968 0 0.017298 0 0.016942 0.015215 0 0.014589 0.014587 0 0.013443 0.0092033 0.0090226 0.0079414 0.0073923 0.0072622 0.0048986 0.0047186 0.0046579 0.0036677 0 0.0024753 0.001324 0 0.0012379 0.0011938 0 0.0011263 0.0010858 0.0010728 0 0 0.0005028 0.0003897 0 8.69e-05 5.96e-05 0
0 0.12181 0 0 0.077013 0 0.064131 0.060247 0 0 0.058414 0.055557 0.05241 0 0.047141 0.039 0 0.032835 0.031306 0.030248 0.029538 0.027349 0 0.026211 0.020279 0.019896 0.019736 0 0.019416 0.018685 0.018584 0.016104 0.014487 0.013521 0.012971 0.012655 0.011624 0.011499 0 0.0088159 0.0087382 0 0.0072166 0 0.0056098 0.0052948 0.0012792 0.0002187 0 0 8.56e-05 3.51e-05 0 3.2e-05 6.7e-06 0
0 0.085027 0.081961 0.081001 0.061962 0 0.058082 0 0 0 0.057398 0 0.055314 0 0.053699 0.052114 0 0.050337 0.044251 0 0.042191 0.040286 0 0.033696 0.032475 0.030709 0.026819 0 0.018591 0.017841 0.014988 0.010627 0 0.010244 0.0097398 0.0083254 0.0080437 0 0 0 0.0056855 0 0.0035094 0 0 0.0013337 0.0013039 0 0 0 0.0009841 0.0009288 0.0002384 0.0001934 0.0001035 0
1 0.17097 0.079532 0 0.070819 0 0.069763 0 0 0.058921 0.052159 0.049975 0.038 0 0.03063 0.029562 0 0.028144 0.027689 0 0.025144 0.023849 0.023308 0 0.021332 0.020117 0.019731 0 0.019545 0.018764 0.018684 0.016942 0.015938 0.014694 0.010249 0.0096824 0.0087548 0.0057306 0 0.0049265 0.0047442 0 0.0045035 0.0016963 0 0.0016596 0.0011848 0.0011796 0 0 0.001152 0.0002099 6.15e-05 2.64e-05 2.29e-05 0
1 0.16086 0.14852 0.10754 0.06572 0 0.05043 0.039353 0 0.034972 0.033902 0.033038 0.032083 0.028467 0.024499 0.024163 0 0.021173 0.019696 0 0.019153 0.016394 0.015849 0 0.013244 0.012514 0.011538 0 0.01124 0.011084 0.0093954 0 0.0088588 0.008143 0.0078354 0.0061316 0.0059047 0 0 0.0055763 0.0048563 0 0.0036334 0 0 0.0034806 0.0004528 0 0 0 0.0001269 0 0 9.79e-05 8.46e-05 0
1 0.18676 0.10899 0.098118 0.06966 0 0.06578 0.055357 0 0.054979 0.04845 0.044511 0.025249 0.02497 0.018745 0.017371 0.015847 0.01579 0.01539 0 0.01422 0.013197 0.0094387 0 0.0089174 0.0087109 0.0077861 0 0.0075311 0.0073195 0.0073028 0.0061464 0.005422 0.0050316 0.0049173 0.0049035 0.0048389 0.0045817 0 0.0040986 0.0028407 0 0.0023712 0 0 0.0017292 0 0 0 0 0.0012918 0.0011879 0.0001644 4.9e-05 3.09e-05 0
1 0.15739 0.1117 0.086174 0.081711 0 0.068345 0.059456 0 0.057435 0.055639 0 0.041906 0.039561 0.024569 0.021994 0.019915 0.019489 0.018099 0 0.013531 0.012066 0 0 0.010934 0.01074 0.010697 0 0.0098232 0.0090848 0.0086142 0.0076046 0.006142 0.0059007 0.0057795 0.0041212 0.0040969 0.003661 0 0.0036078 0.0024721 0 0.0023745 0.0012636 0 0.0012564 0.0010923 0.0010873 0 0 0.0004347 0.0001277 0 5.85e-05 4.35e-05 0
0 0.11975 0.11376 0 0.10112 0 0.064585 0.063625 0 0 0.050529 0.037737 0.033597 0 0.032157 0.03088 0.029108 0.025895 0.023109 0 0.021831 0.020921 0.020009 0.017947 0.017457 0.0173 0 0 0.016584 0.016456 0.014053 0.01326 0.012261 0.010675 0.010555 0.010447 0.010046 0.0089158 0 0 0.0076148 0 0.0072986 0.0054297 0 0.0052969 0.0038454 0.0031501 0.0013487 0.0010661 0.0001982 0.0001209 0 3.34e-05 2.59e-05 0
1 0.16768 0.13449 0 0.088671 0 0.080605 0.059467 0 0.056585 0.040113 0.039796 0.03637 0.032006 0.031815 0.029974 0.021109 0.019123 0.01693 0 0.016707 0.015762 0.015125 0 0.014751 0.013092 0.010193 0 0.0078877 0.0078807 0.0078172 0 0.00669 0.0058223 0.0056808 0.0046785 0.0037072 0.0024756 0 0.0012866 0.001206 0 0.0012001 0 0 0.0011641 0.0011167 0 0 0 0.0005284 0.0004475 0 3.06e-05 2.03e-05 0
1 0.12666 0.11569 0.066927 0.049733 0 0.048308 0.048094 0 0.046389 0.042123 0.03914 0.035021 0 0.031016 0.030228 0.029913 0 0.029882 0 0.028035 0.023286 0.022288 0.021941 0.020414 0.01815 0.015962 0 0.015035 0.014332 0.012677 0.0088144 0.0088081 0.0077811 0.0076502 0.0074075 0.005189 0 0 0.00471 0.0045497 0 0.0039202 0 0 0.0035106 0.0026897 0 0 0 0 0.0023463 0 0.0012032 0.0001652 0
0 0 0.12923 0.071692 0.061658 0 0.054045 0 0 0 0.049144 0.046484 0.045219 0.044052 0.041027 0 0.040628 0.039173 0.03633 0.0356 0.033505 0.031798 0.030204 0.029422 0.024886 0.023426 0.023293 0 0.02321 0.015392 0.013465 0.0089384 0.0087583 0.007908 0.0074224 0.0067352 0.0050359 0.0043346 0 0.0025158 0.0011936 0 0.0011689 0 0 0.0008762 0.0008025 0.0006525 0 0.0006306 9.76e-05 2.79e-05 0 2.05e-05 2.8e-06 0
1 0.18106 0.14197 0.078978 0.074242 0 0 0.073116 0.06931 0.040562 0.038509 0.035482 0.031859 0 0.030959 0.024708 0.02431 0.023828 0.018181 0 0.016849 0.014044 0.0097121 0 0.0087224 0.0081142 0.0080485 0 0.0069956 0.0067771 0.0044219 0.0042558 0.0034379 0.0033004 0.0026993 0.002589 0.0024126 0 0 0.0023458 0.0023232 0 0.0019481 0 0 0.0011256 0 0.0008375 0.0007985 0 0.000514 0.0003348 0.0001758 0.0001411 0 0
0 0.11171 0.10897 0.10541 0.092708 0 0.080077 0.076497 0 0 0.051515 0.044346 0.035959 0 0.027346 0.021616 0.021312 0.020654 0.019639 0 0.018501 0 0.017047 0.016647 0.016005 0.013988 0.013618 0 0.012211 0.011393 0.010033 0.0080198 0.0062832 0.005911 0.0055504 0.0049368 0.0044325 0 0 0 0.0038177 0 0.0037213 0 0 0.0037135 0 0 0 0 0.0027232 0.0024141 0.0011349 8.95e-05 5.4e-05 0
0 0.1487 0.099357 0 0.090085 0 0.072125 0.057565 0 0 0.049536 0.041547 0.03525 0.031269 0.028659 0 0.026723 0.025805 0.025772 0 0.0251 0.024103 0.024086 0.023265 0.022456 0.01905 0.017799 0 0.016185 0.014921 0.011557 0.0105 0.010265 0.0076909 0.0060175 0.0060086 0 0.0053827 0.0051328 0.0048728 0.0034232 0 0.0033852 0 0.0024996 0.0020974 0 0.001215 0.0002732 0 0.0002059 9.51e-05 0 2.04e-05 1.8e-06 0
1 0.14482 0.11966 0.11589 0.11529 0 0.091053 0 0 0.059741 0.039956 0.035078 0.026738 0 0.025531 0.023628 0.022367 0.02171 0.020514 0 0.019182 0.019131 0.013554 0 0.011679 0.010638 0.00743 0 0.0071015 0.0068014 0.0059592 0.0055954 0 0.0055888 0.004179 0.0035446 0.0032036 0.0030586 0 0.0029419 0.0022645 0 0.001649 0.0013561 0 0.0009886 0.0005574 0.0005525 0 0 0.0005209 0.0003893 7.92e-05 5.05e-05 2.87e-05 0
1 0.12269 0.1185 0.11594 0.093826 0 0.073768 0 0 0.046957 0.040358 0.038047 0.036584 0 0.035468 0.028516 0.028151 0.027604 0.021437 0 0.020769 0.01962 0.019425 0 0.019291 0.014457 0.010231 0 0.0099864 0.0085766 0.0084509 0 0.0081752 0.0060111 0.0037953 0.0037261 0.0037257 0.003626 0 0.0025258 0.0024931 0 0.002391 0.0022838 0 0.001017 0.0005719 0.0004625 0 0 0.0003149 9.44e-05 8.64e-05 4.82e-05 0 0
1 0.16598 0.091851 0.089454 0.088164 0 0.063548 0 0 0 0.06254 0.060511 0.048557 0 0 0.047877 0.042639 0.027967 0.027021 0.021973 0.01766 0.014999 0.014861 0 0.014797 0 0.014784 0 0.01396 0.011105 0.0094522 0 0.0089422 0.0087049 0.0075601 0.005157 0.0035642 0.0033943 0 0.0033037 0.0024846 0 0.0022229 0.0019374 0 0.0015663 0.0012182 0 0 0 0.0001042 9.46e-05 0 3.37e-05 1.28e-05 0
0 0.11956 0.073372 0.062897 0.055436 0 0.055054 0.051019 0 0.045046 0.044749 0.044564 0.044338 0.043246 0.042566 0.037334 0 0.033487 0.032143 0 0.028384 0.028006 0.026662 0.022005 0.017333 0.01178 0.010587 0 0.010487 0.0095751 0.0071286 0.0062135 0.0052497 0.0047973 0.0040285 0.0038321 0.003598 0.0027387 0 0.0026441 0.0024624 0 0.002381 0 0 0.0020488 0 0 0 0 0.001318 0.0010663 0.000479 0.0002596 0.0001299 0
1 0.12954 0.12082 0 0 0 0.10427 0.080847 0.066041 0 0.056993 0.053239 0.049288 0 0.045529 0.028603 0 0.028264 0.025771 0 0.025385 0.022257 0.021502 0 0 0 0.019428 0 0.018219 0.015286 0.014606 0.010613 0.0096442 0.0085494 0.0060791 0.0052493 0.0052071 0 0 0.0051246 0.0049887 0 0.0047983 0.0047262 0 0.0039222 0.0024769 0.0012211 0.0007121 0 0 0.0005317 0 0.0002313 3.28e-05 0
0 0.097396 0 0.088101 0 0 0.085411 0.074954 0 0 0.055976 0.052902 0.051978 0 0.050573 0.049559 0.048545 0.046473 0.03957 0 0.036659 0.034982 0.02503 0.017174 0.015311 0.014332 0 0 0.014127 0.013744 0.012899 0.012023 0.0094125 0.0087535 0.0085733 0.0078185 0 0 0 0.0063506 0.0052991 0 0.004049 0.0039523 0 0.003579 0 0 0.0024732 0 0.0017238 0.0001215 0 0.0001184 5.61e-05 0
0 0.11456 0.08648 0.083258 0.064632 0 0.062112 0.041922 0 0.038512 0.037215 0.034979 0.030913 0 0.029527 0.029295 0.027423 0.026489 0.026302 0 0.026119 0.024167 0.023197 0.019513 0.017793 0.01738 0.016106 0 0.014073 0.013668 0.011315 0.010897 0.010883 0.0091961 0.0091205 0.0076074 0.0068994 0.0052672 0 0.0047202 0.0044505 0 0.0041248 0 0 0.0030615 0.002656 0.0012923 0.0012099 0 0.0009481 0.0004164 0.0001741 0.0001001 2.56e-05 0
0 0.10987 0 0 0 0 0.078521 0.076372 0 0.072535 0.064699 0 0.06154 0.058495 0.051385 0.048614 0 0.039245 0.034528 0 0.023599 0.023549 0.022184 0.02078 0.01967 0.018844 0.01861 0 0.01821 0.017638 0.015855 0.014218 0.01322 0.01255 0.011185 0.0099757 0.0082785 0.0077657 0 0.0073858 0.0068109 0 0.0056734 0.0027572 0 0.0017284 0.0013888 0.0011547 0 0.0007278 0.0002471 8.34e-05 6.93e-05 3.16e-05 3.1e-06 0
0 0.11925 0.079505 0.075363 0 0 0.074788 0.068546 0 0 0.048402 0.047505 0.045224 0 0.044981 0.038777 0 0.038097 0.035721 0.02351 0.022219 0.020919 0.020831 0.019436 0.019201 0.015722 0.01519 0 0.015073 0.013554 0.013111 0.012835 0.012403 0.011952 0.0099708 0.0083419 0.0075853 0.0049618 0 0.0048179 0.0037934 0 0.0024206 0 0.0023159 0.0011091 0.000823 0.0004271 0.0003718 0.0003465 0.0003419 0.0001912 2.98e-05 2.53e-05 9.1e-06 0
1 0.14507 0.07439 0 0.070201 0 0.062298 0 0 0.053934 0.049155 0.04891 0.043128 0 0.042991 0.042661 0.039309 0.034947 0.034336 0 0.031916 0 0.030922 0 0.024104 0 0.023078 0 0.022231 0.022196 0.01771 0.017698 0.012994 0.012457 0.010664 0.0054327 0.0047801 0 0 0.0046613 0.0045837 0 0.0042833 0 0 0.0034747 0 0.0020272 0.0015733 0 0.0011382 0.0003493 0 0.0003031 9.64e-05 0
0 0.087105 0.0836 0.073876 0 0 0.064212 0.063367 0.059289 0 0.048485 0.044058 0.040245 0 0.037535 0.036315 0 0.035244 0.028478 0 0.028324 0 0.025116 0.022216 0.020019 0.01995 0.019576 0 0.017816 0.017618 0.017367 0.016952 0 0.014764 0.013878 0.012445 0.0097183 0.0087936 0 0.0082186 0.0067154 0 0.0058429 0 0 0.0037313 0 0.0028471 0.0026616 0.0015058 0.0012322 0.0007371 0 0.0001062 4.05e-05 0
1 0.17533 0.094558 0 0.060442 0.059159 0.055352 0.055264 0 0.053421 0.052141 0.051721 0.050981 0 0.04799 0.047682 0.028796 0.025432 0.020348 0 0.012261 0.010201 0.0092535 0 0.009163 0.0090675 0 0 0.0090342 0.009001 0 0.0074747 0.0070827 0.0069006 0.0057887 0.0057438 0.0046545 0 0 0.0035747 0.0035509 0 0.003067 0 0 0.0027249 0 0 0.0021986 0 0.0003867 0.0001062 7.13e-05 4.26e-05 3.24e-05 0
0 0 0.12758 0.11536 0.11044 0 0.065413 0.061592 0 0 0.059552 0 0.050692 0.04979 0.043932 0.037947 0.034525 0.025591 0.019612 0 0.019518 0.017354 0.014926 0.014467 0.013646 0.01196 0.011524 0 0.011142 0.009498 0.0087933 0.0083734 0.0072651 0.0062713 0.0054608 0.0048764 0.0047966 0.0046698 0 0.0045367 0.0043124 0 0.0040837 0 0.0034261 0.0024316 0.0021305 0.0012059 0.0008473 0 0.0002423 0.0001071 6.02e-05 2.82e-05 2.41e-05 0
1 0.18568 0.12488 0.084768 0.071448 0 0.060667 0.046708 0.039297 0.038816 0.035352 0.027611 0.026116 0 0.025513 0.025423 0.022007 0 0.021955 0 0.021291 0.019101 0.017468 0 0 0 0.01644 0 0.014094 0.012643 0.011672 0 0.010246 0.009991 0.0091328 0.0050916 0.003612 0 0 0.0023806 0.0022573 0 0.0018955 0 0 0.0016305 0.0012978 0.0010893 0 0 0.0009859 0.0006222 0.0003938 0.0002869 0.0001371 0
0 0.14141 0.12594 0 0.086309 0.062123 0.057493 0.050534 0 0.045031 0.038106 0.03641 0.034386 0 0.031487 0.028777 0.024579 0.023382 0.02299 0 0.022926 0.021939 0.019146 0.01742 0.013523 0.011324 0.0098045 0 0.008682 0.0079633 0.0076886 0.0066477 0.0066372 0.0063121 0.0061792 0.006016 0.0051285 0.0045754 0 0.0024898 0.0024146 0 0.0013289 0 0 0.0012872 0 0.0012514 0.0001605 0 0 0.0001296 0 3.59e-05 3.36e-05 0
1 0.13995 0.10117 0.098734 0.079153 0 0.059468 0 0 0.058613 0.0458 0.037927 0.036081 0.035983 0.0328 0.024577 0.022603 0.019144 0.018657 0 0.018108 0 0.017905 0.015808 0.015737 0 0.013423 0 0.013224 0.012915 0.012254 0.011211 0.010248 0.010235 0.0096812 0.008966 0.0052487 0 0 0 0.0049675 0 0.0028586 0.0021355 0 0.0015912 0.0011556 0 0 0 0.0010763 0.0003704 0 0.0001353 7.69e-05 0
1 0.10642 0.10095 0.077845 0.074836 0 0.071453 0 0 0.058811 0.055868 0.054448 0.05096 0.03809 0.034683 0.034091 0 0.033688 0.028673 0 0.027395 0.019945 0.016297 0.014212 0.01245 0.010969 0.0096965 0 0.0092107 0.0072342 0 0 0 0.0071891 0.0071437 0.0061866 0.0060402 0.0057093 0 0.0048104 0.0041127 0 0.0034309 0.0022766 0 0.0012231 0.0011707 0.0010986 0.0010053 0 0.0001531 0.0001004 0 5.3701e-05 3.3801e-05 2.9601e-05
1 0.14525 0.1076 0.082129 0.073456 0 0.063994 0.050378 0 0 0.044155 0.036193 0.035078 0 0.034126 0.034114 0.027843 0.024533 0.024091 0 0.023228 0.019529 0.017913 0 0.017856 0.016468 0.015347 0 0.014904 0.01263 0.012476 0.011409 0.0090972 0.0085988 0.0066804 0.0052809 0.0049987 0 0 0.003967 0.0038299 0 0.0037589 0.002578 0 0.0023321 0.001562 0.0011039 0 0 0.0006927 0.0003099 0.0002721 0.0001227 0.0001168 0
0 0.16699 0 0 0.087519 0 0.079453 0.062159 0 0.053315 0.05287 0.047417 0.047106 0 0.045595 0.039597 0.032834 0.030494 0.02858 0 0.026859 0 0.026283 0.024613 0.022917 0.020265 0.016433 0 0.015267 0.013382 0.01074 0.0080994 0.0080179 0.0079688 0.0058587 0.0045762 0.0037265 0 0 0 0.0036847 0 0.0025274 0 0 0.0013935 0 0.0012178 0 0 0 0.0011894 0 0.0005343 0.000512 0
0 0.11213 0 0 0.088404 0 0.066199 0.059883 0 0 0.058765 0 0.054484 0 0.051368 0 0.048708 0.041866 0.041762 0 0.036491 0.034267 0.028483 0.025109 0.022942 0.022583 0.021985 0 0.02136 0.019877 0.017878 0.015777 0.015746 0.013232 0.011859 0.011001 0.010003 0.0099885 0 0 0.0086619 0 0.0084045 0 0.0069946 0.0053687 0.0039353 0.0026261 0 0.0015761 0.0001416 6.24e-05 0 3.45e-05 2.93e-05 1.93e-05
0 0.10685 0.095426 0.063451 0.060908 0 0.057909 0.0513 0 0.048336 0.045885 0.044416 0.044367 0 0.04051 0 0 0.039012 0.038188 0 0.032158 0 0.024438 0.021371 0.019322 0.019062 0.017695 0 0.012562 0.012516 0.011615 0.01145 0.011035 0.010112 0.0087739 0.0080758 0.0076618 0.0065759 0 0 0.0054487 0 0.0051059 0 0 0.004288 0 0 0.0042844 0 0.0039532 0.0028785 0.0027619 0.0002344 5.66e-05 0
1 0.11131 0.10242 0 0.10037 0 0.084468 0.073559 0.046682 0 0.043222 0.042586 0.041822 0.038297 0.032592 0.028271 0.025695 0.023726 0.022502 0.017836 0.015195 0.015055 0.014949 0 0.013713 0 0.013381 0 0.013139 0.012312 0.011909 0.0088492 0.0079681 0.0064938 0.0054222 0.0051082 0.0049131 0 0 0.0040951 0.0039621 0 0.0026165 0.0024902 0 0.0024487 0.0003148 0 0 0 0.0001214 0.0001084 0 6.65e-05 1.29e-05 0
0 0.1424 0.11283 0.076991 0.063801 0 0.056863 0.053473 0 0.049368 0.044294 0 0.037331 0.036414 0.033715 0.03208 0 0.025607 0.023634 0.022358 0.0195 0.018494 0.017981 0.015771 0.014722 0.013938 0.010772 0 0.0084789 0.0083343 0.0081567 0.0072795 0.0071601 0.0058934 0.005851 0.0050741 0.0045346 0.0041165 0 0.002328 0.0020711 0 0.0020613 0 0 0.0019612 0.0018271 0.0011571 0 0 0.0008017 0.0002972 0.0002205 2.83e-05 2.67e-05 0
1 0.10768 0.10539 0.071087 0.068058 0 0.065764 0.05488 0 0.05059 0.048816 0.046711 0.037466 0 0.0357 0.031265 0.029168 0.025539 0.025084 0 0.023964 0.022143 0.021106 0 0.018024 0 0.016808 0 0.01446 0 0.013825 0.01228 0.010004 0.0096973 0.0088578 0.0058282 0.0041972 0.0038726 0 0.0029326 0.0024317 0 0.0015567 0.0013044 0 0.0012116 0 0.0010554 0 0.0009852 0.0001256 5.92e-05 4.65e-05 2.78e-05 2.7e-06 0
1 0.11652 0.09332 0.086688 0.076508 0 0.04689 0.046624 0 0.045567 0.045068 0.043011 0.035271 0 0.035153 0 0.034813 0.033087 0.031946 0 0.030234 0.024715 0.020283 0 0.017673 0.014504 0.014411 0 0.014143 0.013435 0.011949 0 0.0094467 0.0091586 0.0086142 0.0069596 0.0058741 0.005554 0 0.0055105 0.0052926 0 0.0027287 0 0 0.0026286 0.0024559 0.0012547 0.0010566 0.0006687 0.0005751 0.0001822 0.0001454 4.19e-05 2.78e-05 1.61e-05
1 0.14276 0.10824 0.08668 0.085792 0 0.07916 0.065416 0 0.049276 0.039008 0.025044 0.02484 0 0.024573 0.022209 0.020419 0.019555 0.019103 0.017531 0.016838 0.015723 0.014201 0.013898 0.011646 0 0.011344 0 0.01057 0.009544 0.0086467 0 0.0081679 0.0081445 0.0076471 0.0070421 0.0067603 0.0066903 0 0.0035375 0.00234 0 0.0021932 0.0017717 0 0.0011365 0.0010321 0 0.0010164 0 0.0003108 0.0001084 5.81e-05 2.57e-05 2.8e-06 0
0 0.16603 0.081553 0.080569 0.059435 0 0.057086 0.046208 0 0.039197 0.03791 0.03696 0.03522 0.031895 0 0.030915 0 0.028568 0.025283 0 0.021339 0.021285 0.018295 0.016506 0.016126 0.016023 0 0 0.016021 0.013277 0.012681 0.011298 0.011217 0.01076 0.010199 0.0089792 0.0083166 0.0075053 0 0.0064171 0.0039659 0 0.0038173 0 0 0.0025729 0.0025213 0.001255 0.0011724 0 0.000972 0.0003954 0.0001052 9.58e-05 5.12e-05 0
0 0.12802 0.081346 0.080946 0.07033 0 0.065244 0.063398 0.059341 0.055565 0.045093 0.044479 0.034776 0 0 0.030471 0.023584 0.021598 0.020815 0 0.019636 0.01897 0.017624 0.017276 0.016008 0.011604 0 0 0.010328 0.010172 0.0088154 0.0061826 0.0060515 0.0050848 0.0046797 0.0041951 0.0038858 0.0037336 0 0 0.0035264 0 0.0017137 0 0.0016772 0.0014883 0.0011099 0 0 0 0.0008995 0.000201 0 9.19e-05 4.37e-05 0
0 0.12279 0.091872 0.075914 0.065149 0 0.060276 0.058457 0.046229 0 0.044464 0 0.041819 0 0.039891 0.03865 0 0.031221 0.029157 0.027528 0.025285 0.024874 0.024104 0.022197 0.017995 0.015958 0.015232 0 0.013348 0.0117 0.0082301 0 0 0.0079957 0.0064572 0.0054801 0.0053693 0.0047408 0 0.0045132 0.0039066 0 0.0025758 0.0025156 0.0021164 0.0012538 0 0.000264 0.0001282 0 0.0001184 9.64e-05 6.03e-05 5.16e-05 2.17e-05 0
1 0.12324 0.11038 0.075913 0.075189 0 0.067884 0.040365 0 0.036937 0.035898 0.032152 0.029935 0.027996 0.027743 0.026636 0.026295 0.023537 0.022959 0.022465 0.019944 0.017875 0.016519 0 0.016439 0.016062 0.014218 0 0.014053 0.01378 0.0083319 0.0080554 0.0074443 0.0072226 0.0069416 0.0058412 0.0057802 0 0 0.0043178 0.0035042 0 0.0024031 0 0 0.0023349 0 0.0021229 0.0006533 0 0.0003949 0.000148 5.51e-05 2.21e-05 5.4e-06 0
0 0.12719 0 0.11392 0 0 0.093835 0.091415 0.071673 0 0.070891 0.038512 0.038008 0 0.029277 0.028845 0 0.028183 0.023455 0 0.02196 0.02193 0.021455 0.018865 0.017939 0.017058 0.016622 0 0.015977 0.015212 0.014718 0 0.01251 0.010678 0.0080505 0.0078484 0.0055237 0.0051989 0 0 0.0046626 0 0.003477 0.002394 0 0.0010263 0 0.0005499 0 0.0003545 0.0002583 0.000231 0.0002126 0 8.52e-05 0
1 0.16738 0.1037 0.071472 0 0 0.066062 0.065999 0 0.062639 0.060647 0.052751 0.047156 0.032423 0.031311 0 0 0.025652 0 0 0 0.018275 0.0165 0 0.016337 0 0.016015 0 0.015165 0.01508 0.014951 0.013257 0.01166 0.011172 0.010913 0.0095619 0.0094084 0 0 0.0092993 0.007561 0 0.0062559 0 0 0.0039044 0.0033901 0.0013276 0.0012908 0 0.0007935 0.0003735 0 0.0002052 0.0001149 0
1 0.20037 0.13234 0 0.088814 0 0.065727 0.061368 0 0.051751 0.051336 0 0.040339 0 0.037875 0.034089 0.023681 0 0.023468 0.023301 0.022878 0.019585 0.016184 0 0.015787 0.014985 0.012099 0 0.011702 0.011353 0.009333 0 0.006156 0.0036966 0.0035631 0.0034642 0.0031 0.0022771 0 0.002275 0.0022124 0 0.0016192 0 0 0.0011847 0.0011457 0 0 0 0 0.0007053 0 0.0002202 1.23e-05 0
1 0.21082 0.13578 0.088261 0.083119 0 0.041596 0.040095 0 0.036823 0.030146 0.028891 0.0272 0.027108 0.026522 0.026082 0 0.023717 0.023011 0 0.02173 0.017679 0.016188 0.016122 0.0086137 0.0071576 0.0070816 0 0.0069022 0.0067116 0.0060419 0 0.0050312 0.0048084 0.0047372 0.004433 0.003406 0.002848 0 0.0024219 0.0023667 0 0.002153 0 0 0.0015633 0.0012075 0 0 0 0 0.0010988 0 0.0004514 6.65e-05 0
0 0.15519 0.099362 0.091579 0.073968 0 0.054676 0.051042 0 0 0.043177 0.038652 0.038226 0 0 0.03464 0 0.027333 0.027232 0 0.02663 0.025145 0.024698 0.020405 0.019905 0.016705 0.016329 0 0.015811 0.014468 0.01265 0.012486 0 0.010887 0.0097061 0.0089624 0.0084174 0.0046013 0 0.0044375 0.0043247 0 0.0025298 0 0 0.0014534 0 0.0013824 0 0.0013041 0.0013013 0.0002438 0 0.0001122 2.31e-05 0
0 0.093897 0.086083 0.08096 0.068925 0 0.062879 0.056279 0.05341 0 0.050713 0.044521 0.040855 0 0.032394 0 0.030917 0.02922 0.028359 0.027688 0.023033 0.022122 0 0.021635 0.02124 0.020037 0.019 0 0.016236 0.014024 0.01012 0.0076429 0.0070631 0.0067778 0.0063945 0.0048531 0.0033694 0 0 0.0025769 0.0021141 0 0.0012241 0 0.0011337 0.0008641 0.0006041 0.0003493 0 0 0.0002138 0.0002122 3.37e-05 2.6e-05 3.2e-06 0
0 0.10505 0.079409 0.077362 0.077181 0 0.062114 0 0 0.062012 0.060025 0 0.045757 0 0.044673 0.039395 0 0.034311 0.025743 0 0.025741 0 0.024092 0.022658 0.02066 0.020634 0.018242 0 0.018072 0.017486 0.015351 0.014218 0.012936 0.0099027 0.0098266 0.0095147 0.0090705 0.0072074 0 0 0.006839 0 0.0066746 0 0 0.0049655 0.0046552 0.0027965 0 0.0022965 0.0013669 0.0006117 0.0005944 0.0005549 3.2e-06 0
1 0.12353 0.094705 0 0 0 0.080461 0.079947 0 0 0.070879 0.058218 0.050391 0 0.049522 0.049491 0.047371 0.04477 0.034193 0 0.029372 0.025996 0.020531 0 0.018534 0 0.01688 0 0.016032 0.013247 0.012694 0.011495 0.010424 0 0.010361 0.0065732 0 0 0 0 0.0064434 0 0.0054768 0.0054405 0 0.0046219 0.0009305 0.000793 0.0002014 0 0.0001632 0.0001192 0.000119 7.17e-05 0 0
0 0.11949 0 0.10815 0.089612 0 0.06786 0.061697 0 0 0.055245 0 0.054433 0 0 0 0.047089 0.045414 0.040299 0 0.036736 0.031971 0.031024 0.029353 0.02326 0 0.021434 0 0.019454 0.019381 0.01369 0.012166 0.011898 0.011338 0.010933 0.0093267 0.0068692 0.0051021 0 0 0.0049648 0 0.0035831 0 0 0.002676 0.0024407 0.0013259 0 0 0.0012698 0.00027131 0.0001258 8.7502e-05 2.3401e-05 0
1 0.15179 0.10127 0 0 0 0.095872 0 0 0.083378 0.075333 0.062798 0.055977 0.049704 0.034367 0.033354 0.029632 0.02818 0.021969 0 0.021563 0.018968 0 0 0.018903 0.016451 0.016291 0 0.012097 0.011213 0.010363 0 0.010332 0.0083096 0.0071706 0.0058453 0.0035259 0.0032045 0 0.0026577 0.0026128 0 0.0023295 0 0 0.0020421 0.0010932 0 0 0 0.0010849 0.0001152 9.58e-05 8.32e-05 2.31e-05 0
0 0.21661 0.08982 0.08139 0.057521 0 0.054315 0.051998 0 0 0.04387 0 0.042933 0.042767 0.037074 0.035765 0.031284 0.022535 0.020981 0 0.020069 0 0.014598 0.01458 0.013214 0.013081 0.012118 0 0.010482 0.0079854 0.0077894 0.0067653 0.006742 0.0061456 0.0059094 0.0057433 0.0049304 0.0048873 0 0.0032821 0.0027902 0 0.002693 0 0 0.0019386 0 0 0.0014106 0 0.0013928 0.0012636 0.0008054 0.0003662 0.0001512 0
0 0.16342 0.11694 0.096498 0.073357 0 0.058726 0.050022 0.043468 0.037885 0.032123 0.028591 0.027527 0 0.027166 0.023284 0.023277 0.022283 0.021237 0 0.015548 0.012997 0.012538 0.012332 0.011747 0.011361 0 0 0.010515 0.0092848 0.0089191 0.0069478 0.0067672 0.0050986 0.0041982 0 0.0040634 0.0040168 0 0 0.0037442 0 0.0035971 0 0 0.002637 0.0023909 0.0012619 0 0 0.001204 0.0010782 0.0009113 0.0008297 0.0001744 4.01e-05
0 0.10892 0.080582 0.078633 0 0 0.077909 0.069693 0 0 0.05953 0.058664 0.055036 0 0.052338 0.040296 0 0.034269 0.025839 0 0.023016 0.018957 0.018087 0.017517 0.014812 0.013848 0.013768 0 0.012205 0.011961 0.011843 0.011568 0.011272 0.011152 0.010897 0.010854 0.0080513 0.0075223 0 0 0.0071384 0 0.0058013 0 0 0.0044934 0.0043958 0.0026705 0.002629 0 0.0021246 0.0016589 0 3.2901e-05 2.1501e-05 0
0 0.14659 0.063796 0.060719 0.059029 0 0.057769 0.052608 0 0.04955 0.049461 0.043316 0.039276 0 0.036129 0 0 0.030332 0.030267 0 0.025557 0.024777 0.022418 0.02142 0.019966 0.017084 0.012959 0 0.012755 0.012168 0.012085 0.011629 0.01113 0.010794 0.0084665 0.0079343 0.0077797 0.0074675 0 0.0064281 0.0061655 0 0.0059004 0 0 0.0051737 0 0.0037369 0.0035367 0.0021047 0.0013863 0.0002233 4.86e-05 3.47e-05 3.04e-05 5.4e-06
1 0.13254 0.085158 0.07192 0.063988 0 0.056461 0.049186 0 0.045664 0.042768 0.041809 0.040126 0 0.037743 0.035785 0.032006 0 0.031402 0 0.029631 0.026115 0.02307 0 0.017363 0 0.01662 0 0.014909 0.01444 0.013291 0.012004 0.0092332 0.0087671 0.0081935 0.0081292 0.006159 0.0059449 0 0.0055972 0.0049075 0 0.0024501 0.0019696 0 0.0011868 0.0011676 0.0010002 0 0 0.0006941 0.0003668 0.0001413 6.13e-05 2.83e-05 0
1 0.1538 0.083445 0.077848 0.074015 0 0.071321 0 0 0.056367 0.049448 0.04926 0.040676 0.034905 0.031667 0.028573 0 0 0.028462 0 0.027871 0.019503 0.01914 0 0.018388 0 0.016093 0 0.015738 0.013735 0.011843 0 0.01184 0.011364 0.010078 0.0083286 0.0077431 0.0057996 0 0.0051746 0.0051366 0 0.0046338 0.0023947 0 0.0022532 0.0016215 0.0011569 0 0 0.0002065 8.57e-05 0 3.6e-05 3.24e-05 2.1e-05
1 0.13891 0.093662 0.083511 0.070851 0 0.062961 0 0 0.061321 0.060928 0.045197 0.037275 0 0.036917 0.033761 0 0.032342 0.031393 0 0.029368 0.025879 0.023202 0 0.022487 0.015311 0.014122 0 0.014003 0.012065 0.0068631 0.0063692 0.0060254 0.0056653 0.0051141 0.0047923 0.0046262 0.0034672 0 0.0034132 0.0024168 0 0.002257 0 0 0.0011483 0 0.0010958 0 0 0.0005455 0.000374 0.0002093 0.000126 2.89e-05 0
0 0.090383 0.078338 0.077608 0.074417 0 0.060776 0.045814 0.045458 0 0.044627 0.043274 0.040954 0.037411 0.03311 0.032502 0 0.030001 0.02897 0 0.021842 0.021055 0.015981 0.014959 0.014948 0.01478 0 0 0.013108 0.01184 0.011022 0.010972 0.010731 0.0099795 0.0097119 0.0087843 0.0086581 0.0085413 0 0.0064455 0.0056863 0 0.0050583 0 0 0.004844 0.0024387 0.0023321 0.0020909 0 0.0002441 0.0001641 0 8.45e-05 5.67e-05 0
1 0.22196 0.15152 0.10717 0.053525 0 0.050757 0 0 0.040253 0.038783 0 0.029552 0.0295 0.029285 0.026773 0 0.025487 0.022827 0 0.022509 0.02044 0.020089 0 0.017065 0.016367 0.013853 0 0.010873 0.0093393 0.0089956 0 0.0070665 0.0062394 0.0038107 0.0035662 0 0 0 0.0035597 0.0023769 0 0.0020436 0.0012194 0 0.0011492 0.0009514 0.0003673 0 0 0.000235 0.0002204 0.0001161 9.08e-05 5.59e-05 0
1 0.17919 0.10534 0.074856 0 0 0.05885 0 0 0 0.055793 0.043879 0.04266 0.042539 0.036366 0.034241 0.032251 0.032241 0.029245 0.027557 0.025741 0 0.023031 0.016938 0 0.016529 0.01622 0 0.015006 0.013816 0.012309 0.01117 0.0096542 0.0089855 0.006821 0.0063188 0.0053596 0.0039446 0 0.0033584 0.0023132 0 0.0021794 0.0020513 0 0.0018941 0.0009805 0.0001037 0 0 9.76e-05 8.49e-05 0 5.23e-05 3.14e-05 0
0 0.19012 0.10728 0 0.098617 0 0.071877 0.054924 0 0.046932 0.028526 0.026153 0.025292 0 0.024053 0.023149 0.022878 0.022253 0.022153 0.0216 0.021066 0.019957 0.019708 0.01796 0.017584 0.017338 0.014394 0 0.012765 0.012244 0.012059 0.010351 0.0072721 0.0051827 0.0048544 0.0044007 0.0037944 0.0031265 0 0.0024814 0.00216 0 0.001809 0 0 0.0012183 0 0 0.0012046 0 0 0.0011846 0 5.75e-05 1.62e-05 0
1 0.084186 0.083927 0.078305 0 0 0.077717 0 0 0.062037 0.058032 0.054144 0.053422 0.039413 0.035266 0.027718 0.025823 0.02529 0.024621 0 0.023074 0.021094 0.020806 0 0.019858 0.019747 0.019487 0 0.018816 0.018397 0.015713 0.013728 0.012956 0.012242 0.011913 0.0097027 0.0084027 0.0050982 0 0.004867 0.003592 0 0.0034228 0 0 0.0031493 0.0011785 0.0011096 0.0010813 0 0.0002872 0.0002836 0 6.03e-05 3.14e-05 0
0 0.15997 0.097483 0.073068 0.061813 0 0.06081 0.058289 0 0.048042 0.046024 0 0.045767 0 0.03891 0.034244 0.031678 0.029631 0.028413 0.027695 0.02592 0.024735 0.017544 0 0.012151 0.011955 0.0094801 0 0.0092535 0.008399 0.005326 0.0050636 0.0047365 0.0036848 0.0030283 0.0028646 0.0022921 0.0022585 0 0.0016952 0.0014012 0 0.0012551 0 0.0012444 0.0011837 0.0011407 0.0006642 0 0.000563 0.0001812 8.47e-05 2.65e-05 2.2e-05 5e-06 0
0 0.18913 0.085228 0.080578 0.054961 0 0.051983 0.050546 0 0 0.044202 0.039982 0.037223 0 0 0.035295 0 0.031561 0.030862 0 0.030484 0.026682 0.024419 0.024076 0.02032 0.020178 0.016217 0 0.014772 0.013948 0.011919 0.010329 0 0.0090969 0.0062732 0.0060062 0.005486 0.0051151 0 0.0050208 0.0044606 0 0.0040252 0 0 0.0025795 0 0.0024943 0.0021163 0 0.0020425 0.000179 9.69e-05 8.01e-05 3.33e-05 0
0 0.12387 0.08652 0.084609 0.07574 0 0.075217 0.053078 0 0 0.050589 0.048378 0.039424 0 0 0.031294 0.029114 0.026881 0.02455 0 0.024147 0.021796 0.020039 0.017561 0.016695 0.01646 0 0 0.015423 0.012957 0.011701 0.011376 0.010636 0.0090585 0.0080089 0.007871 0.0076129 0.0066481 0 0.0065779 0.0061431 0 0.005474 0 0 0.0051733 0 0.0049499 0 0.0024542 0.000925 0.0006214 0.0003214 9.24e-05 1.37e-05 0
0 0.13079 0.10768 0.099038 0 0 0.068945 0.068508 0 0.059256 0.044163 0.042779 0.037714 0 0 0.037495 0 0.032123 0.024722 0 0.024588 0.022625 0.022611 0.021859 0.01718 0.015937 0.015613 0 0.014495 0.013505 0.010927 0.008836 0.0071275 0.0068688 0.0065441 0.0056519 0.0054188 0.0051507 0 0.0047246 0.0039169 0 0.0036936 0.0026152 0 0.0013346 0.0013294 0.0013164 0.0013114 0.0011603 0.0003022 6.88e-05 0 6.17e-05 3e-06 0
0 0.15886 0.084449 0.083164 0.069029 0 0 0.064414 0.055079 0 0.050261 0.048305 0.040762 0 0 0.037273 0.031142 0.027305 0.025935 0 0.022061 0.02039 0.018065 0.017051 0.016332 0 0.015906 0 0.015469 0.014505 0.012587 0.0084765 0.008424 0.0078976 0.007501 0.0072771 0.0065955 0.00583 0 0.0052891 0.0051434 0 0.0020869 0.0016826 0.0013469 0.0012236 0.0011416 0.0008548 0 0 0.0006648 0.0001003 6.47e-05 2.95e-05 2.89e-05 0
0 0.13168 0.076731 0.075688 0.063979 0 0.05429 0.053537 0.050856 0 0.049476 0.047569 0.040761 0 0 0.039396 0.03327 0.032635 0.027953 0 0.025878 0.023973 0 0.02239 0.016787 0.014525 0.013973 0 0.013426 0.013281 0.012769 0.010977 0 0.0094127 0.0082501 0.00719 0.0064871 0.0048203 0 0.003858 0.0037202 0 0.0030119 0 0 0.0021972 0 0.0013253 0.0012809 0 0.0012041 0.0007694 0.0002931 0.0002075 0.0001728 0
0 0.15411 0 0.096061 0.096053 0 0.072182 0.06051 0 0 0.053525 0 0.049231 0.048936 0 0.037067 0.033746 0.028613 0.026129 0.025367 0.025012 0.022061 0.017614 0.017124 0.016996 0.014773 0.014626 0 0.013293 0.013202 0.012773 0.011098 0.009492 0 0.0081638 0.0075645 0 0.0061827 0 0.0026161 0.002203 0 0.0012876 0 0 0.0011438 0 0.000531 0 0 0.000347 0.000161 0.0001241 5.72e-05 2.21e-05 0
0 0.097249 0.081182 0 0.072333 0 0.070851 0.066632 0 0 0.062919 0.048754 0.048551 0.046343 0.043299 0.038902 0.028207 0.023294 0.022907 0 0.021543 0.020717 0.018394 0.016185 0.015115 0.014683 0 0 0.013939 0.011935 0.011669 0.011106 0.01068 0.010321 0.010121 0.0093224 0.0085827 0.0083112 0 0.0082268 0.0074326 0 0.0068084 0.0054642 0 0.0039383 0.0015691 0 0 0 0.0012063 0.0009579 0.0001312 0.0001129 0.0001055 0
1 0.20018 0.090721 0.07712 0.063297 0 0.055007 0 0 0 0.051398 0.044256 0.042932 0 0.042206 0.03905 0 0.034317 0.030176 0.026772 0.024452 0.023548 0.022508 0 0.018822 0 0.01729 0 0.016138 0 0.015413 0.010462 0.010064 0.0084271 0.0082469 0.0073678 0.0050402 0 0 0.0046625 0.0042366 0 0.0034216 0.0011712 0 0.0009489 0.0001516 0 0 0 0 0.0001276 0 5.8e-05 1.1e-05 0
1 0.18002 0.14052 0 0.085546 0.071695 0.064696 0 0 0 0.044118 0.042769 0.041174 0 0.035785 0.034456 0.032917 0.028774 0.024395 0 0.01869 0.018407 0.015684 0 0.014862 0.013743 0.013652 0 0.012524 0.011262 0.011143 0.0092705 0.0086312 0.0046029 0.0042832 0.0038312 0.0027688 0 0 0.0024431 0.0022869 0 0.0012946 0 0 0.0011421 0.0010627 0 0.0009533 0 0 0.0004318 0 8.97e-05 7.56e-05 0
0 0.1883 0 0.13557 0.080592 0 0.051717 0.048493 0.048445 0 0.046502 0 0.042288 0 0.040382 0.036726 0.034912 0.03097 0.026714 0 0.019158 0.017562 0.016858 0.016337 0.015725 0.01313 0.011568 0 0.011538 0.010907 0.0085349 0 0.0067505 0.0063999 0.0043803 0.0043107 0.0042022 0.0041851 0 0.004104 0.0029117 0 0.002855 0 0.0018415 0.0013781 0.0012915 0 0.001181 0 0.0004496 0.0003069 0.0002916 0.0001477 7.96e-05 0
0 0.12739 0 0 0.10743 0 0.081077 0.058534 0 0 0.054794 0.042967 0.040274 0 0.038283 0.031561 0.031002 0.030863 0.029967 0 0.029916 0 0.027799 0.027579 0.026614 0.026036 0 0 0.022532 0.018082 0.017589 0.016362 0.013709 0.012787 0.01231 0.0113 0.01015 0.010053 0 0.0098811 0.006944 0 0.0067217 0 0.0055457 0.0055094 0.0027563 0.0027187 0.0016132 0 0.0005035 0 0.0004181 0.0003098 0.0001222 0
0 0.10677 0 0.10237 0.085579 0 0.062927 0.062347 0 0 0.056602 0.047918 0.046326 0.042098 0 0.038555 0.033272 0 0.03093 0 0.025616 0.024894 0.023749 0.023431 0.022954 0.022119 0.018143 0 0.017803 0.017203 0.015091 0 0 0 0.014726 0.013688 0.013651 0.006563 0 0.0053301 0.0049545 0 0.0048343 0 0.0040842 0.0026828 0 0.0021898 0.0002027 0 0.000112 0.0001102 0 0.0001036 7.18e-05 0
1 0.151 0.10457 0 0 0 0.084566 0 0 0.076624 0.052512 0.052256 0.04737 0.046376 0.046278 0 0.04553 0.032434 0.028568 0 0.02417 0.02332 0.020783 0 0.01868 0.017886 0.017862 0 0.017665 0.016222 0.014098 0 0.0077474 0.0072269 0.0064936 0.0063687 0.0057283 0 0 0.0053962 0.0050636 0 0.0049102 0.0035819 0 0.0032965 0.0028618 0.0012422 0 0 0.0008378 0.0002362 9.84e-05 8.84e-05 5.07e-05 0
0 0.15412 0 0 0 0 0.11111 0 0 0 0.10346 0.074876 0.072056 0 0.07183 0 0.044681 0.044565 0.043219 0.036822 0.028058 0.024549 0.021839 0.019319 0.018098 0.017981 0.017414 0 0.015896 0.015039 0.012905 0.012601 0 0.0095144 0.0064073 0.0052748 0.0052539 0.0051458 0 0.0036117 0.0025696 0 0.0011836 0 0 0.0002642 0 0.0001711 0 0 0 0 0 0.0001613 6.3e-06 0
0 0.15574 0.094944 0.081644 0.074982 0 0.073299 0.072567 0 0.053886 0.038684 0.036712 0.035601 0 0.031116 0.025707 0 0.024494 0.022468 0 0.02076 0.020414 0.014099 0.011354 0.011328 0.0098543 0.0092326 0 0.00896 0.0083271 0.0073669 0.0071733 0.00708 0.006799 0.0062968 0.0050339 0.0047678 0.0047002 0 0 0.0032595 0 0.0025186 0 0 0.0023929 0 0.0019824 0.0017696 0 0 0.0014118 0 0.0012092 6.26e-05 0
1 0.20135 0.10122 0 0.083632 0.082805 0.082442 0.038337 0 0.037916 0.0375 0.024513 0.023725 0 0.020714 0.02003 0 0.019685 0.019517 0.018962 0.018153 0.017836 0.016872 0 0.014348 0 0.012997 0 0.011848 0.010963 0.010932 0 0.010705 0.010427 0.0095991 0.0088387 0.0084563 0 0 0.0065804 0.0058169 0 0.0054241 0 0 0.0047997 0.0022985 0 0 0 0.000346 0.0002418 0.0001097 2.96e-05 2.75e-05 0
0 0.14863 0.068682 0.060172 0.056132 0 0.051596 0.048945 0 0 0.047789 0.045048 0.037357 0 0.036634 0 0 0.035491 0.033406 0 0.030405 0.030377 0.029346 0.029205 0.023264 0.022946 0.021915 0 0.017623 0.015899 0 0.01559 0.015065 0.014611 0.010413 0.010282 0.0097749 0.0087149 0 0 0.0070602 0 0.0048011 0 0.0029642 0.0028781 0.0023064 0.0014568 0.0013448 0.0007938 0.0006442 0.0002487 0.0001417 4.01e-05 1.03e-05 0
0 0.10416 0.071438 0 0 0 0.070437 0.06098 0 0 0.059047 0.058653 0.053593 0 0.049346 0.049089 0.048886 0.042045 0.038859 0 0.03528 0 0.034301 0.030034 0.025442 0.01865 0.016916 0 0.016514 0.015486 0 0.013982 0 0.013407 0.012472 0.011452 0.011045 0.0071355 0 0.0064296 0.0055577 0 0.004132 0.0040464 0.0031365 0.0023666 0.0021944 0.001355 0.0010527 0 0.0004736 0.0003311 0.0001427 9.76e-05 3.28e-05 0
0 0.10267 0 0.067118 0 0 0.063951 0.061254 0 0 0.057966 0 0.051351 0 0.048266 0.047746 0.046306 0.042642 0.041732 0 0.036487 0 0.03441 0.031691 0.028092 0.024522 0.023527 0 0.022415 0.019504 0.017072 0.016707 0.016302 0.014986 0.012318 0.011755 0.010653 0.0090819 0 0.008516 0.0078858 0 0.0076916 0 0 0.0075312 0 0.0038825 0 0 0.002241 0.0012354 0.0002026 0.000183 0.0001065 0
0 0.15904 0.10983 0.10443 0.075421 0 0.068068 0.062496 0 0 0.062368 0 0.035034 0 0.032564 0 0.031106 0.028314 0.025039 0.024697 0.02377 0.020918 0.016631 0.01651 0.013259 0.01314 0.013059 0 0.009017 0.0086314 0.0084907 0.0073369 0.0061111 0.0058434 0.0043177 0.0035133 0.002337 0.0020238 0 0.0017918 0.0014774 0 0.0013304 0.0011531 0 0.0004559 0 0.0002183 0 0 0.0001149 9.73e-05 0 2.12e-05 1.52e-05 0
0 0.10344 0 0.09937 0.094879 0 0.082116 0.068805 0 0.066539 0.055876 0 0.052216 0 0.037049 0 0.03624 0.0334 0.031818 0 0.026685 0.026316 0.023375 0.019138 0.018841 0.015029 0.013924 0 0.01221 0.012006 0.010716 0 0.01044 0.0096387 0.0090085 0.0075351 0.0052166 0 0 0 0.0050111 0 0.0041084 0.0026947 0 0.001609 0.0013104 0.0012968 0 0.0006049 0.0005628 0.0005156 0.0003509 9.55e-05 1.54e-05 0
1 0.11237 0.10564 0.080937 0 0 0.077253 0 0 0 0.073023 0 0.050244 0.04332 0.040484 0.040185 0.04013 0.040125 0.038427 0 0.030616 0.028232 0.024707 0 0.022682 0.022261 0.019949 0 0.017849 0.017718 0.010947 0.01085 0.0098307 0.0077018 0.0076587 0.0060658 0.0055951 0.0036296 0 0.0025189 0.0023929 0 0.002342 0.0011987 0 0.0010134 0 0.0007408 0 0 0.0006873 0.0002486 0.0001859 0.0001414 9.89e-05 0
1 0.13677 0.10835 0.06218 0.054331 0 0.054219 0.049529 0.048957 0 0.041668 0.041499 0.040695 0 0.037874 0 0.037845 0 0.036576 0 0.032366 0.032081 0.023395 0.02132 0.019279 0 0.019192 0 0.01818 0.012819 0.011645 0.010323 0.0087142 0.0086645 0.0085396 0 0.0077759 0 0 0.0055515 0.0039339 0 0.0025885 0.001236 0 0.0009876 0.0004953 0 0 0 0.0002921 6.72e-05 0 3.45e-05 3.22e-05 0
1 0.10373 0.10105 0.098541 0.077981 0 0.06268 0.059046 0 0 0.058343 0.057317 0.038376 0 0.030658 0.030292 0.030137 0.024047 0.021468 0 0.021181 0.017808 0.017104 0 0.015206 0 0.014637 0 0.013246 0.012998 0.011758 0 0.011216 0.0098553 0.0097534 0.0090782 0.0088941 0.0077553 0 0.0070235 0.0054696 0 0.0054441 0 0 0.0038404 0 0 0.00133 0 0.0012704 0.0012329 0 0.0001319 9.91e-05 0
0 0.089946 0.089101 0.088819 0.088796 0 0.08096 0.052263 0 0 0.046752 0 0.045334 0.040912 0.030257 0.028992 0 0.026653 0.024702 0 0.024355 0.024109 0.022844 0.018309 0.017473 0.015575 0.015336 0 0.015252 0.014187 0.01302 0.012919 0.011318 0.010467 0.010053 0.0072227 0.0065677 0.005958 0 0 0.0051882 0 0.0041833 0.0039014 0 0.0030354 0.0018086 0.001229 0.0009894 0 0.0006478 0.0002847 0.0001651 6.14e-05 5.28e-05 0
0 0.13228 0.11955 0 0.073757 0 0.064791 0.051166 0 0 0.049208 0.047934 0.042495 0.038637 0 0.038351 0 0.037548 0.036472 0 0.028794 0.023448 0.020462 0.02042 0.020182 0.018349 0.017094 0 0.016404 0.015486 0.015471 0.013172 0.011443 0.011379 0.0074423 0.0064635 0.0052776 0.0051747 0 0.003843 0.0012888 0 0.001231 0 0 0.0010949 0.0009606 0 0 0 0.0008927 0.000686 0.0006227 0.0003508 0.000342 4.04e-05
0 0.15223 0.10726 0 0 0 0 0 0 0 0.084505 0.08218 0.070788 0 0.065244 0.063097 0.048276 0.041183 0.04108 0.030724 0.024817 0.022233 0.021454 0.01982 0.016301 0.012405 0.012056 0 0.010789 0.010077 0.010034 0.0097087 0.0081034 0.0071785 0.005641 0.0051025 0.00293 0.0027936 0 0 0.0027647 0 0.0026843 0 0 0.0018724 0 0.0016464 0.0013477 0.0012959 0.0001924 7.41e-05 5.74e-05 3.49e-05 1.75e-05 0
1 0.097752 0.092246 0.079724 0.078508 0 0.063116 0.060834 0 0.052165 0.051639 0.045434 0.041461 0 0.039242 0.031514 0.030531 0.029714 0.024145 0 0.021106 0.020706 0.018536 0 0.0153 0.015228 0.011715 0 0.010818 0.0099344 0 0.0097822 0.0089625 0.0073646 0.0061912 0 0.006047 0 0 0.0055529 0.0037389 0 0.0036473 0.0033167 0 0.0024118 0.0012809 0 0 0 0.0001658 0 0 0.0001514 1.97e-05 0
0 0.1256 0.1229 0.073057 0.068428 0 0.067026 0.053245 0 0 0.046206 0.039192 0.03896 0 0.033899 0 0.03035 0.029641 0.026157 0 0.025765 0.02375 0.0223 0.017917 0.015845 0.015612 0 0 0.013668 0.01349 0.012856 0.011618 0 0.011037 0.0098936 0.0095499 0.0087253 0.0074929 0 0.0055921 0.0049943 0 0.0041301 0 0 0.0040333 0.0019886 0.0018976 0 0 0.0015373 0.0013381 0.0001585 9.06e-05 6e-05 0
0 0.097126 0 0 0.079093 0 0.076993 0 0 0.072247 0.070566 0.068005 0.063093 0.052272 0.050836 0.047284 0.043071 0.032005 0.027222 0 0.026391 0.019986 0.019083 0.017627 0.016892 0 0.016354 0 0.014256 0.010704 0.0086613 0.0082976 0 0.0082133 0.0079123 0.0070504 0.0066399 0.0064954 0 0.0054361 0.0053571 0 0.0049283 0 0.0027081 0.0026145 0 0.002519 0 0.0010932 0.0006267 0.0002269 5.89e-05 3.16e-05 2.23e-05 0
0 0.11396 0.10516 0.076376 0 0 0.061068 0 0 0 0.059404 0.055342 0.050649 0 0.045859 0.04142 0.040036 0.034958 0.031791 0.029042 0.024399 0 0.02393 0.021905 0.020316 0.019035 0.01824 0 0.018202 0.017653 0.015734 0.014944 0.0096645 0.0066861 0.0065578 0.0064722 0.0063315 0.0058419 0 0.0051174 0.0038575 0 0.0021147 0 0.0016422 0.0013193 0.0013055 0.0012123 0.0011666 0.0010058 0.0001294 9.15e-05 3.19e-05 2.31e-05 6e-06 0
1 0.13076 0.11676 0 0.095299 0 0.06895 0 0 0 0.064918 0.060227 0.053635 0 0.047771 0.047421 0.040623 0.03046 0.030103 0 0.025248 0 0.021502 0 0.01964 0.014199 0.012541 0 0.01209 0.011028 0.0086146 0.0084956 0.0084744 0.0083328 0.0076473 0.0074651 0.0070954 0.0070458 0 0.005632 0.0051195 0 0.0050796 0 0 0.0043066 0.0039555 0.0037272 0 0.0024505 0.0012336 0.001195 0.0005688 0.0003722 7.6e-06 0
1 0.1004 0.095628 0.084305 0.071777 0 0.066076 0 0 0 0.065587 0 0.063023 0 0.050623 0.042966 0.041571 0.03779 0.032228 0 0.023246 0.021617 0.018616 0 0.018243 0.017434 0.016625 0 0.016106 0.015856 0.014605 0.012429 0.012074 0.011242 0.0085612 0.0078276 0.0075962 0 0 0.0066817 0.0063272 0 0.0035174 0 0 0.0034269 0.0024037 0 0.002066 0 0.0010577 0.0003614 0 5.01e-05 2.94e-05 2.65e-05
1 0.10734 0.093314 0.089118 0.072393 0 0.068231 0 0 0.06415 0.058467 0.055447 0.050214 0 0.037881 0.029989 0.026095 0.024381 0.022662 0.021238 0.019514 0.019454 0.019406 0 0.016901 0 0.015261 0 0.014403 0.013741 0.010854 0.0088673 0.0085586 0.0061336 0.0051021 0.0037263 0.003569 0 0 0.0027771 0.002643 0 0.0024461 0.0018725 0 0.0010372 0 0.0009734 0 0 0.0008886 0.0008189 6.64e-05 3.15e-05 2.84e-05 8.9e-06
0 0.10252 0.097623 0.070399 0.068697 0 0.057243 0.050672 0 0.047371 0.042961 0.042212 0.040447 0 0.034088 0.028058 0.027598 0.027266 0.026598 0 0.023459 0.022658 0.021909 0.020408 0.018985 0.018215 0.017305 0 0.015255 0.0094182 0.0091115 0.0077977 0.0076165 0.0065939 0.0059901 0.0057457 0.0050637 0.0050236 0 0.0039152 0.0027662 0 0.0027043 0.0021191 0 0.0012388 0 0.0011611 0.0010855 0 0.000401 0.0001754 6.76e-05 3.16e-05 2.61e-05 0
1 0.17574 0.11767 0.091036 0.082107 0 0.07958 0 0 0 0.062939 0.053318 0.032987 0 0.031688 0.031057 0.029811 0.023838 0.023476 0.020768 0.018935 0.017117 0.016909 0 0.013109 0 0.011518 0 0.010708 0.01027 0.0096941 0 0.0066161 0.005639 0.0053713 0.0049542 0.0037671 0.0024024 0 0.0022584 0.0016315 0 0.0011862 0 0 0.0010338 0 0 0 0 0.0006581 0.0001164 0 7.72e-05 1.43e-05 0
0 0.18319 0.11726 0.064066 0.060344 0 0.056574 0.043986 0 0.042728 0.042706 0 0.038687 0 0.037617 0 0 0.034281 0.0316 0 0.030742 0.026997 0.022858 0.020491 0.016201 0.014971 0.014249 0 0.014239 0.013886 0.012546 0.011034 0.010808 0.0065711 0.0056008 0.0041393 0.0034891 0.0030501 0 0 0.0027214 0 0.002612 0 0 0.0022152 0.0016181 0.0014429 0.0014022 0.0013648 0.0012776 0.0002329 0.0001082 8.34e-05 3.1e-06 0
1 0.15164 0.12476 0.093306 0.086684 0 0.04637 0 0 0 0.043428 0.042285 0.041999 0.039282 0.038346 0.037809 0.032474 0.032264 0.027104 0 0.018262 0.016326 0.016106 0 0.015721 0.01163 0.011459 0 0.0114 0.011392 0 0.0099903 0.0087197 0.0085162 0.0074034 0 0 0 0 0 0.0052281 0 0.0037601 0 0 0.0023835 0.0023784 0 0 0 0 0.0009706 0 0.000559 3.55e-05 0
0 0.16091 0.14415 0 0.078316 0.069433 0.055239 0.050012 0 0 0.046414 0.035179 0.035101 0 0.035024 0 0.034225 0.030427 0.026668 0 0.026666 0.026077 0.025749 0.024688 0.018606 0.011909 0.011285 0 0.0088849 0.0079001 0.0055062 0 0.0054545 0.0053916 0.0040032 0.0036198 0.0028839 0.0027186 0 0.0022889 0.0013464 0 0.0012207 0 0 0.0010998 0 0.0007801 0.0006342 8.31e-05 0 6.96e-05 0 2.55e-05 1.24e-05 0
1 0.17425 0.15689 0.11818 0.078605 0 0 0 0 0.052303 0.045372 0.038967 0.038434 0.033936 0.027866 0.024404 0.024381 0.021961 0.020011 0 0.015681 0.015055 0.013854 0.013682 0.012857 0 0.010828 0 0.0099674 0.0084944 0.0072713 0.0060342 0.0048903 0.0047926 0.0045516 0.0037794 0.0035584 0 0 0 0.0033409 0 0.0024028 0 0 0.0011317 0 0 0 0 0.0010922 0.0009603 0.0001682 2.59e-05 2.19e-05 0
0 0.1013 0.085784 0 0 0 0.085603 0.079206 0.067565 0 0.063376 0.059859 0.048997 0 0.043718 0.041541 0 0.038775 0.036571 0 0.032997 0.028638 0.025457 0.022068 0.019309 0.019253 0.016764 0 0.016404 0 0.015536 0.011079 0.0092614 0.0075661 0.00556 0.0039757 0.0029678 0.0026918 0 0.0021832 0.0013072 0 0.0012354 0 0.0011092 0.0007779 0 0.0006636 0 0 0.0003982 0.0002638 0.0001058 0.0001056 3.09e-05 0
0 0.10311 0.098267 0.089497 0 0 0.078828 0.078679 0 0 0.070721 0.061344 0.044536 0 0.039556 0.037311 0.036039 0.036016 0.028141 0 0.01925 0.018049 0.015061 0.013874 0.012682 0.011339 0.010267 0 0.0089487 0.0079364 0.0079049 0.007597 0.0074963 0.0064256 0.0063519 0.0062659 0.0062226 0.0061202 0 0.0052713 0.0051548 0 0.0049403 0 0.003993 0.0033616 0.0015189 0.0011935 0.0004501 0 0.0001227 8.67e-05 0 3.43e-05 3.11e-05 0
1 0.1428 0.12541 0.076004 0.062233 0 0 0.051306 0.045038 0 0.044422 0.040662 0.04005 0 0.03635 0.035709 0.031565 0.030712 0.030605 0 0.025051 0.023531 0.021045 0.020767 0.020328 0.015843 0.013566 0 0.012016 0.0082456 0.0080434 0.0062826 0.0050202 0.0045382 0.0040468 0 0.0040016 0.0039452 0 0.003692 0.0023588 0 0.0012973 0 0 0.0012922 0.0012277 0 0 0 0.0004888 0.0003664 0 8.03e-05 3.56e-05 3.15e-05
1 0.18214 0.089324 0.065719 0.061951 0 0.061085 0 0 0.059112 0.05656 0 0.03989 0.037141 0 0.031669 0.030063 0.02812 0.021422 0 0.021311 0.020137 0.01675 0 0.015582 0.014939 0.014657 0 0.014569 0.014174 0.013978 0.011418 0.010651 0.010559 0.0094159 0.0078933 0.00622 0.006136 0 0.0056819 0.0050645 0 0.0047447 0.0045881 0 0.0024299 0.0024287 0 0 0 0.0021264 0.0002387 5.91e-05 2.72e-05 2.37e-05 0
0 0.094564 0.082301 0.063723 0.063364 0 0.054336 0.050014 0 0.045618 0.04523 0 0.042075 0 0.03729 0 0.035847 0.033978 0.030611 0.028067 0.027878 0 0.027823 0.024742 0.023369 0.020767 0.019317 0 0.018644 0.01816 0.018063 0.01647 0 0.01611 0.014573 0.013065 0 0.011998 0 0.0064874 0.0039659 0 0.0025902 0 0 0.0025162 0.002266 0.0016158 0 0.0012823 0 0.0012601 0 1.39e-05 6.3e-06 0
1 0.14672 0.12619 0.10657 0.07386 0 0.065862 0 0 0 0.049633 0.048888 0.04425 0 0.044077 0.027969 0.022535 0.021137 0.020703 0 0.020085 0.018535 0.018242 0 0.017075 0 0.01601 0 0.015992 0.01392 0.012413 0.012134 0.011601 0.011144 0.0079827 0.0076125 0.0034403 0.0033968 0 0.0033257 0.0019881 0 0.0018178 0.0017979 0 0.0015649 0 0 0.0011561 0 0.0001371 0.0001275 0 9.09e-05 1.58e-05 0
1 0.14493 0.13235 0 0.10066 0.071963 0.065329 0.05511 0 0.052313 0.05181 0.042913 0.037469 0 0.029733 0.027934 0.018519 0.016155 0.015414 0 0.011944 0.011759 0.011356 0 0.010965 0 0.010813 0 0.010691 0.010354 0.010282 0.010273 0.0082249 0.0079981 0.0079456 0.0038414 0.0027294 0 0 0.0024683 0.0014007 0 0.0012851 0 0 0.0012583 0 0.001247 0 0.0002391 0 0.0001674 0 0.000146 1.47e-05 0
0 0.11789 0.11066 0.10316 0.085586 0 0.070369 0.067651 0 0.043332 0.039376 0.037025 0.033083 0 0.032475 0.027644 0.020375 0.020309 0.019667 0 0.018424 0.018187 0.015504 0.014151 0.01144 0.0090685 0.0089361 0 0.0080589 0.0076559 0.0076161 0.0067433 0.0061183 0.0061073 0.0051479 0.0048752 0.0045543 0.0042079 0 0.0039169 0.003566 0 0.0018087 0 0 0.0013069 0.001214 0.0011655 0 0.0011077 0.000211 0.0001483 8.65e-05 6.43e-05 1.14e-05 0
0 0.15239 0.095116 0.082594 0 0 0.071024 0.07043 0 0.047322 0.047016 0.044582 0.043697 0 0.041028 0.036952 0 0.03488 0.032075 0 0.025058 0.023802 0.021442 0.020765 0.018268 0.015047 0 0 0.011727 0.010478 0.0090962 0.0064291 0.0058838 0.0055972 0.005588 0.0045869 0.0039144 0.0035621 0 0.0026243 0.0013875 0 0.0012596 0 0 0.0012031 0 0.0011539 0.0011138 0 0.0004045 0.0002409 0.0001407 9.1e-05 2.69e-05 0
0 0.11459 0.083945 0.083016 0.078685 0 0.061375 0.060434 0 0.05728 0.039677 0.038008 0.03444 0.029728 0.026157 0 0.022572 0.022476 0.020938 0 0.019561 0.018449 0.018129 0.017656 0.017351 0.016011 0.01568 0 0.014941 0.012766 0.010729 0.0091554 0.0090369 0.0087265 0.0083303 0.0082653 0.003864 0.0038098 0 0.0030736 0.0026334 0 0.0025659 0.0017187 0 0.0012256 0 0.0010868 0.0006861 0 0.000651 0.0002471 0 0.0001696 0.0001544 0
0 0.11657 0.10368 0.099812 0.079483 0 0.0649 0.060864 0 0 0.043221 0.042171 0.042018 0 0.041027 0.039545 0.031721 0.027819 0.026333 0 0.022139 0.01909 0.018783 0.01794 0.013659 0.011926 0.011045 0 0.010913 0.0095274 0.0080905 0.0076711 0 0.0067372 0.0055098 0.0037699 0.0034522 0.0032499 0 0 0.002619 0 0.0014037 0 0 0.0013001 0 0 0 0 0.0010533 0.0006083 0.0001811 0.0001165 5.35e-05 0
1 0.135 0.064634 0 0.062256 0 0.060942 0 0 0.053749 0.047916 0.047302 0.046829 0.046269 0.043443 0.04123 0.040844 0.040125 0.033023 0 0.02716 0 0.026884 0 0.025152 0 0.024383 0 0.024315 0.019841 0.019264 0.015181 0.012861 0.009316 0 0.0091735 0.0069279 0 0 0.0045252 0.0025605 0 0.0024695 0.0024079 0 0.0012415 0.0012254 0 0 0 0 0.0012042 0 0.0003159 2.79e-05 0
1 0.25641 0.16973 0 0.11539 0 0.067934 0.045355 0 0.030996 0.025843 0.022543 0.021369 0.018722 0.017634 0.017375 0.016902 0.015792 0.015022 0.013809 0.01379 0.013684 0.013302 0 0.012718 0 0.011148 0 0.0091068 0.00729 0.0069621 0.005591 0.0052893 0.0050888 0.004907 0.0048738 0.0043288 0 0 0.0030611 0.0027316 0 0.0021269 0.0010074 0 0.0009797 0.0008043 0.0001921 0 0 0.0001017 4.83e-05 0 3.39e-05 0 0
1 0.20776 0.12517 0 0.09039 0.070713 0.069686 0.048178 0 0.047866 0.046307 0.035454 0.0344 0.026189 0.025195 0.023144 0 0.022846 0.015819 0.014845 0.014814 0.0092137 0.0084446 0 0.0073555 0.0072359 0.0068712 0 0.0064173 0.0057022 0.0050227 0 0.0048136 0.0031087 0.0031017 0.0028344 0.0025203 0.0023951 0 0.0020095 0.0010387 0 0.000989 0 0 0.0009728 0.0009346 0 0 0 0 0.0001741 0 5.7e-05 1.42e-05 0
1 0.12091 0.108 0 0.078265 0 0.076399 0 0 0 0.071761 0.063338 0.0538 0 0.052954 0.045593 0.037606 0.033928 0.03113 0.030907 0.025578 0.024046 0.017318 0.015356 0.013866 0.012315 0.012144 0 0.011683 0.011407 0.010578 0 0.0080374 0.0070827 0.0063456 0.0059569 0.0034859 0 0 0.0032813 0.003029 0 0.0011486 0.0010939 0 0.0008701 0 0 0 0 0.0003129 0.0002124 0.0001634 8.73e-05 1.14e-05 0
