1 0.10435 0.093448 0.072792 0.069722 0 0.063193 0.047972 0 0 0.047442 0.046468 0.038347 0.033336 0.033234 0.031422 0.029914 0.024072 0.022765 0.022289 0 0.020849 0 0.020142 0.020131 0.018504 0.018077 0.016574 0.014892 0.012255 0.0096627 0.0073106 0.0068456 0.0064769 0.0063483 0.0063387 0.0060991 0.0052353 0 0.0049542 0.0047509 0 0.0037213 0 0 0.0031216 0.0024192 0.0014204 0 0.0012828 0.0008775 0.0004361 0.0003843 0.0001196 5.3e-06 0
1 0.10073 0.083283 0.07524 0.05798 0 0.055396 0.046347 0 0 0.045374 0.040026 0.038472 0.038448 0.035786 0.033202 0.030468 0.024297 0.022791 0.020405 0 0.018538 0.01768 0.017678 0.016688 0.016412 0.016198 0.014787 0.01249 0.011894 0.011275 0.010224 0.0098758 0.0088045 0.0085711 0.0083314 0.0078979 0.0078268 0 0.0070797 0.0061713 0 0.004052 0.0037642 0 0.0037092 0.0036369 0.003002 0.0029059 0 0.0009087 0.0008352 0.0003133 0.0001097 9.3e-05 0
0 0.10102 0.086307 0.073853 0.054526 0 0.052189 0.046342 0 0 0.043167 0.039391 0.037462 0.032067 0.031564 0.031092 0.030137 0.025458 0.024953 0.02478 0 0.024249 0.02413 0.022834 0.021311 0.021143 0.01902 0.016428 0.015765 0.011891 0.011472 0.0099341 0.0098455 0.0080132 0.00769 0.0075307 0.0057531 0.0038941 0 0.0038296 0.0035279 0 0.0033491 0.0028124 0.0028058 0.0026871 0.0025904 0.0013049 0.0011242 0.0003115 0.0002641 0.0001259 2.93e-05 2.91e-05 2.8e-06 0
1 0.10142 0.093908 0.074917 0.050264 0 0.047779 0.047682 0 0 0.042044 0.038186 0.03447 0.032375 0.032228 0.03132 0.031118 0.030802 0.02914 0.026311 0 0.0248 0.023588 0.022028 0.021694 0.018599 0.018387 0.016235 0.012164 0.012118 0.011944 0.011713 0.011255 0.0074651 0.0073616 0.0064513 0.0063539 0 0 0.0063214 0.0036275 0 0.0034653 0.0034501 0.0027584 0.0015018 0.0011995 0 0.0011664 0 0.0001653 7.4e-05 6.36e-05 5.77e-05 2.81e-05 0
1 0.1071 0.072008 0.065571 0.061559 0 0.050617 0.048496 0 0 0.041994 0.039709 0.039304 0.033693 0.029146 0.028536 0.027986 0.026693 0.026079 0.025644 0 0.025175 0.022461 0.021218 0.021112 0.018108 0.016951 0.016613 0.016196 0.015863 0.013706 0.012074 0.011027 0.010222 0.0095656 0.0092311 0.0085424 0.0051801 0 0.0050324 0.0041963 0 0.0036618 0.0025333 0.0024248 0.001253 0.0012032 0.0011605 0.0005158 0 0.0003963 0.0001532 3.18e-05 2.99e-05 2.94e-05 0
0 0.094901 0.092413 0.066299 0.065984 0 0.063457 0.056706 0 0.041059 0.038782 0.036378 0.036208 0.033684 0.025997 0.025378 0.024691 0.022058 0.021761 0.021471 0 0.021092 0.019824 0.019516 0.01808 0.015896 0.015585 0.015042 0.013343 0.013215 0.012942 0.011628 0.010563 0.009375 0.0073657 0.0046029 0.0035711 0.0035664 0 0.0035085 0.0032833 0 0.0024395 0.0022818 0.0022532 0.0017809 0.0009545 0.0007724 0.0001347 0 5.64e-05 4.31e-05 0 3e-05 2.8e-05 0
0 0.096448 0.082705 0.076088 0.066257 0 0.057808 0.049438 0 0 0.044144 0.040135 0.033998 0.031566 0 0.028377 0.027748 0.026724 0.024797 0.024368 0 0.024108 0.022761 0.020869 0.020316 0.02014 0.019971 0.017708 0.016074 0.015699 0.014215 0.013676 0.011371 0.010659 0.009065 0.0089164 0.0087181 0.0085008 0 0.0065002 0.0049865 0 0.0043937 0 0 0.0039829 0 0.0037524 0.0016592 0.0010258 0.0001946 6.46e-05 4.27e-05 2.49e-05 2.9e-06 0
1 0.12843 0.11635 0.07308 0.058885 0 0.057668 0.048748 0.044809 0 0.030926 0.030846 0.029172 0.026729 0.026468 0.024874 0.02407 0.023894 0.023736 0.022171 0 0.021633 0.019007 0.018547 0.015935 0.015566 0.01531 0.012343 0.011843 0.011731 0.010073 0.009133 0.0088105 0.0065274 0.0064617 0.0050516 0.0048144 0.0031092 0 0.0025988 0.002221 0 0.0021642 0.0016643 0 0.0012644 0.0012555 0.0010956 0 0.0004355 0.0002458 0.0001592 0.0001083 2.68e-05 3.1e-06 0
1 0.14349 0.12273 0.067903 0.058062 0 0.043387 0.040667 0 0 0.037098 0.036813 0.035359 0.029941 0 0.027575 0.026345 0.025999 0.023861 0.021536 0 0.019721 0.019387 0.018421 0.017928 0.01747 0.017121 0.016661 0.016443 0.014901 0.014576 0.014217 0.011611 0.010387 0.0092543 0.0067817 0.0067422 0.0061445 0 0.0053702 0.0038128 0 0.0025816 0.0024698 0 0.0023373 0.001292 0.00123 0.0009808 0 0.0007533 0.0002963 0.0001825 9.28e-05 6.78e-05 0
1 0.22109 0.096919 0.069925 0.06125 0 0.059934 0.039851 0 0 0.031778 0.02648 0.024961 0.024918 0.02453 0.023588 0.019993 0.01967 0.019295 0.018284 0 0.018039 0.01729 0.016627 0.01624 0.01588 0.015773 0.012615 0.012291 0.010806 0.0098719 0.0088279 0.0080831 0.0079609 0.0068831 0.0067168 0.0064454 0.0052595 0 0.004049 0.0035482 0 0.0033709 0.0031503 0 0.0027299 0.0012541 0.0012475 0.0012037 0.0010846 0.0001248 6.82e-05 0 3.93e-05 3.55e-05 1.83e-05
0 0.12133 0.11748 0.050571 0.050505 0 0.046178 0.045732 0 0 0.04405 0.040266 0.031302 0.030908 0.030661 0.029927 0.02868 0.028507 0.028197 0.026951 0 0.022647 0.022496 0.019254 0.018672 0.018089 0.015784 0 0.015751 0.013189 0.012575 0.011097 0.010336 0.0095917 0.0084483 0.007247 0.0065201 0.0058133 0 0.0057709 0.0055645 0 0.0050891 0.0050756 0 0.0040853 0.0013735 0.0013216 0.001131 0.0006029 0.0005628 0.0002462 0.0002238 0.000191 3.1e-06 0
1 0.11654 0.092405 0 0.075113 0 0.06066 0.045462 0 0 0.042764 0.036128 0.035379 0.032814 0.03203 0.029635 0.029452 0.02893 0.028411 0.024054 0 0.022114 0.021712 0.019176 0.018974 0.018779 0.017684 0.017062 0.016996 0.015287 0.014544 0.013919 0.01272 0.010897 0.010592 0.010545 0.0071837 0.0071101 0 0.0069836 0.0067734 0 0.0055635 0 0 0.0043059 0.0038875 0.002504 0.0023782 0 0.0017607 0.0005246 0 0.0002079 3.87e-05 0
1 0.14213 0.13004 0.078189 0.063216 0 0.049069 0.043787 0 0 0.04337 0.039889 0.036238 0.030991 0.030303 0.026337 0.021424 0.020479 0.020005 0.017237 0.016895 0.016704 0.016108 0.015037 0 0.013744 0.012247 0.011905 0.0098738 0.0098719 0.0093294 0.0089725 0.0084888 0.0078352 0.0067977 0.0067385 0.0066788 0.0058427 0 0.0049359 0.0048194 0 0.0038773 0.0036023 0 0.0024569 0.0023981 0.0015348 0.0002723 0.000175 6.23e-05 5.75e-05 1.79e-05 9e-06 8.3e-06 0
0 0.085966 0.069603 0.067008 0.065433 0 0.064281 0.042442 0 0 0.040366 0.039239 0.036571 0.03371 0.028778 0.028706 0.028495 0.028186 0.026357 0.024707 0 0.024399 0.023078 0.022299 0.022002 0.02109 0.018894 0.015209 0.015202 0.014864 0.013821 0.012526 0.012008 0.011391 0.0087602 0.008378 0.0076328 0.0073831 0 0.0063107 0.0061492 0 0.0055289 0.003633 0.0033467 0.002062 0.0016415 0.0012234 0.0005344 0.0003835 0.0001927 0.0001241 5.6e-05 2.82e-05 2.7e-06 0
1 0.15736 0.081981 0.075414 0.060746 0 0.051312 0.046214 0 0 0.041325 0.034149 0.03363 0.033224 0.031821 0.028244 0.026947 0 0.025475 0.024371 0.023024 0.019608 0.018488 0.016369 0.015804 0.015581 0.015312 0.014377 0.013926 0.010809 0.010734 0.010637 0.010435 0.0098379 0.0092268 0.0061619 0.0050746 0.004742 0 0.0046736 0.0041808 0 0.0036279 0.0025767 0 0.0018155 0.000497 0.0001443 0 0 5.38e-05 3.91e-05 0 3.04e-05 2.9e-06 0
0 0.097618 0.081164 0.061637 0.049959 0 0.048343 0.047377 0 0 0.042207 0.04142 0.034633 0.033545 0.032212 0.030942 0.030789 0.029671 0.028321 0.026698 0 0.023457 0.020666 0.019696 0.018577 0.017984 0.01781 0.016126 0.015183 0.014343 0.013577 0.013276 0.010733 0.0097432 0.0096954 0.0095023 0.009276 0.0092144 0 0.0079155 0.0058233 0 0.0056718 0.005346 0 0.0038329 0.0029552 0.0010583 0 0.0008427 0.000753 0.0002825 8.76e-05 3.2e-05 2.8e-06 0
0 0.11893 0.093791 0.065045 0.052899 0 0.045367 0.045147 0 0 0.042517 0.035824 0.033981 0.033324 0.032697 0.03204 0.031274 0.031217 0.022862 0.021858 0 0.020894 0.018899 0.018598 0.01639 0.013994 0.013894 0.013711 0.01301 0.012408 0.012243 0.011613 0.010279 0.0097858 0.0096939 0.0095941 0.009113 0.0084258 0 0.0081949 0.0075565 0 0.0055133 0.0051838 0 0.0039341 0.002655 0.002288 0.0021739 0.0005282 0.0003935 9.43e-05 8.29e-05 7.1e-05 1.22e-05 0
1 0.12313 0.098506 0.064301 0.053017 0 0.04974 0.046868 0 0 0.043726 0.039286 0.037348 0.035312 0.031555 0.03041 0.02971 0.028611 0.025557 0.023857 0 0.023539 0.022365 0.022139 0.019376 0.016577 0.015166 0.012704 0.011124 0.010339 0.010066 0.010031 0.0092192 0.0076341 0.0065297 0.006197 0.0050329 0.0050005 0 0.0049582 0.0048525 0 0.0037261 0.0036617 0 0.0032141 0.0029712 0 0.0013134 0 0.0010151 0.0001965 6.57e-05 3e-05 2.63e-05 0
1 0.14321 0.088992 0.071568 0.067935 0 0.056852 0.050395 0 0.043146 0.039328 0.039304 0.032266 0.028582 0.027884 0.026059 0.025449 0.024615 0.022553 0.018494 0 0.017426 0.015954 0.015294 0.015268 0.014341 0.013262 0.011298 0.01129 0.01061 0.010399 0.0096476 0.0088066 0.0072569 0.0056089 0.0050643 0.0048849 0 0 0.0037987 0.0036492 0 0.0032369 0.0020035 0 0.0011406 0.001093 0.0010589 0.000249 0 0.0002435 0.0001981 0.0001544 8.45e-05 4.43e-05 0
1 0.11582 0.11279 0.068095 0.058472 0 0.04875 0.044258 0 0 0.035139 0.034594 0.03291 0.032683 0.032367 0.030623 0.026032 0.025349 0.024391 0.023356 0 0.020076 0.019447 0.019173 0.018858 0.018733 0.015527 0.015168 0.014821 0.01361 0.012385 0.01202 0.010292 0.0099505 0.0084431 0.0063974 0.0062844 0.0057151 0 0.0052832 0.0051126 0 0.005088 0.0038106 0 0.0025439 0.0023325 0.0011135 0.0009839 0.0007165 0.0001865 0.0001814 5.8e-05 4.99e-05 5.5e-06 0
1 0.10352 0.10169 0.0829 0.062062 0 0.041461 0.039184 0 0 0.037563 0.037422 0.034733 0.03167 0.030623 0.030302 0.029546 0.02848 0.02642 0.024351 0 0.020159 0.018691 0.018224 0.016547 0.014763 0.014369 0 0.013718 0.012814 0.012617 0.01232 0.011852 0.011534 0.011529 0.010525 0.010454 0.0076051 0 0.007491 0.0070134 0 0.0064268 0.0049723 0.0046341 0.0041997 0.0027968 0.0013123 0.0008707 0.0002675 0.0001995 6.1e-05 3.84e-05 3.14e-05 2.57e-05 5.9e-06
0 0.11684 0.096264 0.08498 0.070927 0 0.057816 0.046608 0 0 0.037354 0.034157 0.031862 0.031756 0 0.030517 0.028196 0.027606 0.025533 0.023008 0 0.021359 0.017005 0.015839 0.014715 0.014337 0.013149 0.013092 0.012904 0.012755 0.011776 0.011617 0.011564 0.011523 0.011084 0.010329 0.0093604 0.0085149 0 0.0084363 0.0077003 0 0.0065703 0.0036798 0.0035047 0.0016932 0.0015826 0.0015544 0.0007335 0 0 9.52e-05 0 3.94e-05 3.43e-05 3.25e-05
1 0.13452 0.10793 0.083065 0.05635 0 0.048788 0.047678 0 0 0.034808 0.033288 0.032189 0.029295 0.028887 0.027499 0.023635 0.023109 0.021906 0.021166 0.019158 0.018997 0.018752 0.017607 0.016938 0.016332 0.015322 0.014952 0.011894 0.010408 0.010229 0.010057 0.0091602 0.0086457 0.0085154 0.0073295 0.006466 0.0050785 0 0.0050304 0.0044305 0 0.0026157 0.0024771 0.0021043 0.0012125 0.0011433 0.0005088 0.000253 0 0.0001311 6.54e-05 2.96e-05 2.92e-05 9.3e-06 0
1 0.14845 0.087216 0 0.079307 0 0.066791 0.057029 0 0 0.052643 0.035841 0.03294 0.030972 0.030584 0.0305 0.026149 0.02386 0.023742 0.023 0.022774 0.018616 0.018012 0.017854 0.017456 0.016096 0.015809 0.013508 0.013349 0.012806 0.011419 0.0098184 0.0081587 0.0069944 0.006956 0.0066827 0.005946 0.0057989 0 0.005244 0.0046086 0 0.0040243 0.0026519 0 0.0023466 0.0021442 0.0012032 0.0003272 0 0.0001588 0.0001191 5.39e-05 2.95e-05 5.8e-06 0
1 0.12715 0.098972 0.071908 0.057138 0 0.054715 0.048425 0 0.042059 0.039376 0.034857 0.033643 0.032282 0.02766 0.026115 0.025065 0.021904 0.020631 0.019474 0 0.019128 0.018464 0.018247 0.01658 0.014502 0.014336 0.013664 0.013191 0.012778 0.012111 0.011515 0.0081341 0.0073721 0.0072187 0.0061487 0.0060162 0.0054575 0 0.0039232 0.002509 0 0.0024956 0.001984 0 0.0012327 0.0009592 0.0003713 0 0.0001263 4.81e-05 4.63e-05 3.28e-05 2.89e-05 8.4e-06 0
1 0.096375 0.094604 0.071148 0.066462 0 0.053967 0.046896 0 0 0.043888 0.039665 0.038971 0.035795 0.033563 0.027869 0.025486 0.022376 0.020733 0.020362 0 0.019495 0.018469 0.018216 0.016951 0.016652 0.014823 0.014804 0.014392 0.01292 0.012266 0.011506 0.01149 0.011407 0.0094281 0.0093501 0.0091842 0.0090027 0 0.0089909 0.0066572 0 0.0052728 0.0037847 0 0.0021112 0.0012201 0.0010118 0.0008878 0 0.0007728 0.0004299 0.00016 0.000154 2.95e-05 0
1 0.12269 0.078628 0.069886 0.056561 0 0.05297 0.043998 0 0 0.041247 0.040707 0.037606 0.036872 0.030415 0.029108 0.028746 0.028715 0.024461 0.023355 0.022653 0.02168 0.02089 0.018238 0.016976 0.01572 0.014825 0.012846 0.012842 0.012584 0.012128 0.011023 0.010474 0.01022 0.0066288 0.0063666 0.0060214 0.0053482 0 0.0039591 0.0025411 0 0.0024754 0.0015459 0 0.0015137 0.0013126 0.0012648 0.001232 0 0.0004404 0.0002253 3.12e-05 2.88e-05 3.1e-06 0
0 0.11311 0.057044 0.053178 0.051906 0 0.047313 0.042831 0 0 0.040485 0.03918 0.036987 0.036669 0.034667 0.029098 0.028067 0.027432 0.026221 0.02565 0 0.025245 0 0.024049 0.020439 0.020212 0.020075 0.019693 0.017852 0.017448 0.015642 0.014137 0.013619 0.012212 0.011011 0.010949 0.0097966 0.0097217 0 0.0095392 0.0089053 0 0.0065896 0.0054945 0 0.0050796 0 0.0040469 0.0038511 0.0027712 0.0010928 0.0003408 0.0002749 6.88e-05 3.3e-06 0
1 0.11846 0.085893 0.073018 0.070827 0 0.05651 0.049648 0 0 0.045704 0.04368 0.042941 0.033634 0.030037 0.029222 0.024368 0.024363 0.023261 0.022968 0.020068 0.019137 0.018171 0.017674 0 0.017439 0.014378 0.012888 0.011099 0.01078 0.0087987 0.0086811 0.0086474 0.0077834 0.0073535 0.0072769 0.005294 0.0049252 0 0.0045682 0.0042369 0 0.0041085 0.0038277 0.0034349 0.0032631 0.0012589 0.0001568 0.0001227 0 2.9301e-05 2.9001e-05 0 2.0801e-05 1.53e-05 0
0 0.098893 0.093775 0.088077 0.051614 0 0.044913 0.044121 0 0 0.039199 0.037309 0.031481 0.031308 0.031289 0.028997 0.028345 0.027526 0.024939 0.024925 0 0.022999 0.021948 0.020835 0.019369 0.019079 0.017274 0.015879 0.014401 0.013452 0.013 0.012193 0.010959 0.009632 0.0088866 0.0079649 0.0079161 0.0070691 0 0.0059763 0.0058818 0 0.0058158 0 0 0.0040737 0.0038245 0.0016259 0.0011852 0 0.0010844 0.0006948 0.000135 0.0001115 2.67e-05 0
1 0.11194 0.10433 0.086243 0.05682 0 0.046653 0.045987 0 0 0.044037 0.037139 0.034829 0.032086 0 0.027412 0.026742 0.025796 0.023555 0.021441 0 0.021278 0.020137 0.020064 0.0198 0.018431 0.017732 0.01758 0.015011 0.013864 0.01265 0.012585 0.010748 0.0099335 0.0089733 0.0076064 0.0066082 0.0064919 0 0.0059956 0.0047815 0 0.0044834 0.0040631 0 0.003986 0.0038722 0.0037099 0.0021736 0.001919 0.0001937 0.0001231 9.97e-05 5.85e-05 3.68e-05 5.7e-06
0 0.11975 0.11066 0.061574 0.058063 0 0.048658 0.048222 0 0 0.047378 0.042606 0.037388 0.03123 0.02979 0.028127 0.025785 0.024067 0.023769 0.023171 0 0.022656 0.020655 0.019566 0.015413 0.015138 0.01479 0.014167 0.013282 0.011829 0.010963 0.010366 0.0095794 0.0091337 0.0081831 0.0066297 0.0059637 0.0054725 0 0.0049643 0.0040089 0 0.0039841 0 0.003891 0.002653 0.0026335 0.0012327 0.0010523 0 0.00066 0.0005344 0.0002287 6.53e-05 3.64e-05 2.97e-05
0 0.1265 0.079914 0.058401 0.047743 0 0.046684 0.043663 0 0 0.042212 0.041867 0.039413 0.037356 0.034444 0.034184 0.031458 0.030281 0.027502 0.026766 0 0.026517 0.025416 0.021075 0.019644 0.016684 0.015521 0.013944 0.013591 0.012048 0.011669 0.009691 0.0080046 0.0079485 0.0078284 0.007821 0.0054139 0.005343 0 0.0050053 0.0045617 0 0.004017 0.003424 0.0029383 0.0012803 0.0012571 0 0.0006467 0 0.0001017 8.98e-05 0 6.62e-05 5.95e-05 0
0 0.12033 0.080228 0.066915 0.055105 0 0.052726 0.047875 0 0 0.046985 0.044898 0.041185 0.029981 0.029226 0.028782 0.024401 0.022742 0.022598 0.02209 0 0.021958 0 0.02088 0.020308 0.018298 0.016885 0.014889 0.014566 0.014383 0.01368 0.013551 0.012579 0.011146 0.0088297 0.0075278 0.0074824 0.0074794 0 0.007288 0.0054579 0 0.0048751 0.0048735 0 0.0048648 0.0045764 0.0034348 0.0022945 0 0.0011205 0.0002444 0.0002229 0.0001915 4.81e-05 0
0 0.1044 0.10226 0.085314 0.063386 0 0.057831 0.057377 0 0 0.0545 0.039197 0.034811 0.032123 0 0.030977 0.030263 0.029341 0.026191 0.025285 0 0.024402 0.021439 0.019843 0.019749 0.017131 0.015135 0.014861 0.014574 0.012236 0.010934 0.0097516 0.0093547 0.0076565 0.0052174 0.0037239 0.0036083 0.0029919 0 0.0028623 0.0025198 0 0.0024527 0.0021296 0.0017179 0.0011856 0 0.0004176 0.0002334 0 0.0002181 0.0001527 0.0001263 8.76e-05 2.99e-05 0
1 0.11757 0.10459 0.075663 0.056705 0 0.054997 0.05421 0 0 0.040881 0.039525 0.038351 0.034883 0.029952 0.029444 0.027318 0.024026 0.021447 0.019547 0 0.019197 0.018213 0.017843 0.017621 0.017006 0.016388 0.011757 0.011752 0.010732 0.010531 0.010179 0.0092246 0.0074965 0.007334 0.007234 0.0053032 0.0050161 0 0.0048997 0.0047498 0 0.0043111 0.0038166 0 0.0037299 0.0021198 0.0012984 0.0012689 0 0.0007609 0.0007229 0.0002018 8.61e-05 6.29e-05 3.61e-05
1 0.12268 0.092649 0.073599 0.06481 0 0.047114 0.044865 0 0 0.039096 0.036934 0.03605 0.035394 0.034754 0.032285 0.027595 0.027314 0.027088 0.023244 0 0.021914 0.02188 0.021461 0 0.01943 0.015439 0.013831 0.01267 0.01265 0.012424 0.011596 0.011394 0.011256 0.0097804 0.0064086 0.0054543 0.0049467 0 0.0049146 0.0037861 0 0.0037372 0 0 0.0028022 0.002427 0.0017654 0.0010081 0 0.0008116 0.0002809 0.0002752 0.0001204 6.26e-05 0
0 0.15259 0.091229 0.067823 0.066582 0 0.047036 0.044693 0 0 0.037095 0.034961 0.034196 0.030472 0 0.028805 0.02581 0.025645 0.022924 0.021988 0 0.021328 0.018179 0.01788 0.017825 0.017273 0.015184 0.014227 0.013012 0.01288 0.012483 0.012049 0.011882 0.011805 0.009505 0.0094078 0.009078 0.0087182 0 0.0081846 0.0080158 0 0.0066294 0 0 0.0039273 0.0038915 0.0022284 0.0007116 0 0.0006844 0.0005164 0.0004728 9.91e-05 7.91e-05 0
1 0.13621 0.083455 0.070771 0.064659 0 0.055056 0 0 0 0.048389 0.042829 0.034426 0.033122 0.029417 0.027868 0.026645 0.024524 0.024363 0.024318 0.022357 0.021873 0.021054 0.018509 0.017795 0.017659 0.017579 0.017445 0.016084 0.015016 0.013354 0.01232 0.010517 0.009268 0.0085147 0.0079367 0.0051542 0.0048268 0 0.004334 0.0036675 0 0.0023928 0 0 0.0023711 0.0011561 0.0011407 0.0007145 0 0.0003834 0.0002574 0.0002049 6.08e-05 6e-06 0
0 0.12984 0.10161 0.068022 0.064308 0 0.060743 0.056647 0 0 0.047907 0.043822 0.036308 0.028873 0.028605 0.02702 0.026357 0 0.02351 0.01888 0 0.017436 0.017157 0.01673 0.016314 0.013599 0.012898 0.012716 0.011678 0.011628 0.010873 0.010346 0.010067 0.0086904 0.0084532 0.008104 0.0075017 0.0072428 0 0.0066498 0.0055725 0 0.0042876 0.0042702 0.0042265 0.0042032 0.002733 0.0022604 0.000683 0.0005172 0.0004542 0.0001101 0.0001007 3.28e-05 3.1e-06 0
0 0.12488 0.085443 0.080203 0.047278 0 0.045143 0 0 0 0.043668 0.043312 0.040434 0.03947 0 0.036551 0.036412 0.035512 0.032443 0.032162 0.029296 0.028025 0 0.024336 0.023769 0.019066 0.015974 0.014608 0.013719 0.01285 0.012722 0.011432 0.010889 0.010532 0.0093368 0.0085839 0.0069232 0.0061999 0 0.0050667 0.004039 0 0.0039077 0 0 0.0014528 0 0.0012835 0.001216 0 0.0010801 0.0005152 0.0001332 9.33e-05 3.68e-05 0
0 0.092149 0.088141 0.085485 0.061154 0 0.047091 0.044243 0 0 0.043676 0.042572 0.039209 0.034792 0.027302 0.026752 0.02434 0.024215 0.02355 0.021559 0 0.019429 0 0.018551 0.01798 0.017819 0.016977 0.016823 0.016359 0.01545 0.014573 0.012072 0.011548 0.010871 0.010712 0.0087039 0.0083927 0.0082385 0 0.0081417 0.007756 0 0.0065225 0 0.0064167 0.0051824 0.0045417 0.0040307 0.0038488 0.001548 0.0006933 0.0002849 0.0002714 2.9e-05 2.8e-06 0
1 0.14808 0.082254 0.079218 0.073379 0 0.056117 0.039003 0 0 0.037657 0.031814 0.03126 0.029021 0.027599 0.027536 0.023433 0.022524 0.021627 0.021251 0 0.020033 0.019676 0.01797 0.017288 0.016787 0.016485 0.014484 0.013922 0.013021 0.012771 0 0.012469 0.011908 0.01008 0.0092241 0.0091931 0.0068798 0 0.0052632 0.0050228 0 0.0046539 0 0 0.0046393 0.0012948 0.0012945 0.0012818 0 0.0011679 0.0007589 0.0003727 0.0001554 0.0001291 0
1 0.12615 0.12159 0.11037 0.061986 0 0.055623 0.045401 0 0.043777 0.036752 0.03674 0.032281 0.031437 0.02523 0.021619 0.020868 0.019495 0.018621 0.016067 0 0.014974 0.014029 0.013674 0.013008 0.012057 0.011004 0.0098101 0.0088937 0.0083655 0.0082631 0.0081788 0.0079784 0.0069389 0.0061151 0.0051348 0.0049335 0.0038454 0 0.0037633 0.0033287 0 0.0025067 0 0 0.0024972 0.0022431 0.001402 0.0012906 0 0.0012634 0.0002589 0.0001329 5.15e-05 4.61e-05 0
0 0.117 0.1071 0.096886 0.064589 0 0.0594 0.042251 0 0 0.037671 0.033108 0.030649 0.030117 0.028079 0.028009 0.027409 0.025337 0.025101 0.022113 0 0.020206 0.018377 0.018107 0.017821 0.016377 0.016269 0.01522 0.014982 0.011834 0.011629 0.009553 0.0079618 0.0069997 0.0069114 0.005406 0.004888 0.0042442 0 0.0039809 0.0025506 0 0.0025398 0 0 0.0024092 0.0021273 0.0019505 0.0011767 0 0.0008235 0.0003111 0.0002339 0.000205 5.32e-05 3.74e-05
0 0.11101 0.091784 0.052652 0.052595 0 0.051025 0.047135 0 0 0.046229 0.040654 0.040537 0.038338 0.036955 0.031953 0.030542 0 0.026669 0.025481 0 0.025043 0.023055 0.022457 0.021781 0.020325 0.020118 0.013321 0.013003 0.012792 0.012702 0.011974 0.0119 0.011011 0.010524 0.0077865 0.0066239 0.0061041 0 0.0046972 0.0039913 0 0.003979 0 0.0039465 0.0033223 0.0026791 0.001235 0.0011566 0.0006622 0.0001256 6.05e-05 3.34e-05 2.48e-05 2.9e-06 0
0 0.10607 0.091058 0.072636 0.063147 0 0.054077 0.046223 0 0 0.041159 0.040193 0.036142 0.03443 0 0.031786 0.030827 0.029282 0.024101 0.021951 0 0.021634 0.020067 0.019186 0.016769 0.016537 0.0164 0.015876 0.015467 0.015446 0.014195 0.013947 0.012976 0.011694 0.010717 0.010545 0.0090381 0.0062504 0 0.0058355 0.0053328 0 0.0047525 0 0 0.0043478 0.003219 0.0025267 0.0015453 0 0.0012635 0.0010051 0.000258 4.94e-05 4.3e-05 0
1 0.12623 0.099509 0 0.089053 0 0.070973 0.052429 0 0 0.051508 0.03818 0.033714 0.028982 0.028953 0.026996 0.026942 0.026272 0.025068 0.024398 0 0.02353 0.020293 0.016329 0.015844 0.015454 0.01472 0.01367 0.013569 0.012505 0.012322 0.011564 0.010557 0.0093737 0.0093268 0.0085831 0.0084172 0.0072355 0 0.0072089 0.0045823 0 0.0038918 0.0036697 0 0.0024799 0.0022955 0.0013926 0.0013805 0 0.0001926 0.0001711 0.0001054 9.85e-05 2.91e-05 0
1 0.1072 0.080533 0.076723 0.066048 0 0.059593 0.057687 0 0 0.055839 0.042708 0.03909 0.032559 0.032518 0.027775 0.026726 0.02388 0.022103 0.021385 0 0.019374 0.017956 0.017859 0.017849 0.016993 0.016082 0.015333 0.014948 0.012815 0.011515 0.0096384 0.0064473 0.0063478 0.0061969 0.0057382 0.0056863 0 0 0.00519 0.0048244 0 0.0031072 0.0030977 0 0.0030901 0.0029807 0.002455 0.0010801 0.000806 0.000122 6.35e-05 0 2.9e-05 2.8e-06 0
1 0.10055 0.098707 0.086421 0.082618 0 0.058739 0.04112 0.035412 0 0 0.034265 0.033599 0.030708 0.029523 0.02658 0.025503 0.024794 0.024182 0.022329 0 0.021261 0.020562 0.017241 0.017236 0.016668 0.016277 0.016109 0.013918 0.012939 0.011944 0.011727 0.0099454 0.0091336 0.0078894 0.0073981 0.0063707 0.0058537 0 0.0052043 0.0051659 0 0.003397 0 0 0.0027605 0.0013258 0.0011939 0.0010642 0 0.0009023 0.0008365 0.0004243 0.000138 6.28e-05 0
0 0.088129 0.076485 0.069776 0.053921 0 0.047828 0.047474 0 0 0.044088 0.039753 0.039266 0.037187 0.035808 0.034263 0.032836 0.0262 0.026114 0.024749 0 0.02317 0.022252 0.021588 0.020621 0.020459 0.020439 0.016171 0.015732 0.014742 0.013398 0.012093 0.011744 0.0089769 0.0081482 0.0081443 0.0075549 0.007042 0 0.0052658 0.0051759 0 0.0039271 0.0026251 0 0.0023903 0.0015916 0.001236 0 0 0.000694 0.0004533 0.0002962 0.0001606 2.97e-05 0
1 0.11639 0.095541 0.085016 0.071042 0 0.059633 0.041245 0 0 0.035662 0.034862 0.031781 0.030135 0.023368 0.022535 0.020954 0.01955 0.018071 0.017811 0 0.017141 0.016684 0.016496 0.016291 0.016228 0.015655 0.014783 0.014739 0.013816 0.012787 0.012379 0.011778 0.011558 0.011333 0.01076 0.0097982 0.0097644 0 0.0094985 0.0087209 0 0.0056575 0 0 0.0049765 0.0046557 0.0036518 0.00324 0 0.0029313 0.0003319 0.0002666 0.0002544 0.0001892 3.53e-05
1 0.13651 0.12119 0.073427 0.062313 0 0.043997 0.043177 0 0 0.035599 0.034693 0.028607 0.028442 0.027454 0.027358 0.024722 0.024406 0.020172 0.02016 0 0.018981 0.018138 0.017377 0 0.016934 0.016171 0.014951 0.014342 0.014064 0.012387 0.01165 0.010821 0.0097449 0.0082133 0.0081858 0.0077614 0.007166 0 0.0070539 0.0068359 0 0.0056554 0.0052759 0 0.0040236 0.0038967 0.0036827 0.0027763 0 0.000585 0.0004676 0.0003525 0.0001336 0.0001098 4.05e-05
0 0.15892 0.10073 0.079882 0.051518 0 0.048688 0.04093 0 0 0.035525 0.033541 0.03287 0.032476 0.029854 0.029536 0.028098 0.027388 0.026033 0.025246 0 0.022849 0.020891 0.017636 0.017274 0.015262 0.01314 0.01202 0.011759 0.010329 0.0093378 0.0081135 0.0078601 0.0064517 0.006258 0.0051611 0.0047181 0.0039349 0 0.0038031 0.0037649 0 0.0036671 0.0031803 0 0.0028133 0.0027306 0.0025511 0.0012568 0.0011681 0.0004379 0.0002271 0.0001104 5.7e-05 6.3e-06 0
0 0.13801 0.076438 0.076194 0.072315 0 0.059169 0.059046 0 0 0.041947 0.041238 0.028397 0.027088 0.025899 0.024017 0.022478 0.021886 0.021346 0.021097 0 0.021009 0.019484 0.018488 0.017666 0.016632 0.013567 0.013136 0.012078 0.01107 0.010324 0.010074 0.0097154 0.0096684 0.0086711 0.0084974 0.0067825 0.0066135 0 0.0059162 0.0053354 0 0.0052613 0 0 0.0051803 0 0.0028938 0 0.002606 0.0023684 0.0002663 7.06e-05 5.47e-05 6.1e-06 0
0 0.12023 0.069062 0.068139 0.06528 0 0.060826 0 0 0 0.046307 0.045552 0.042386 0.042166 0.02979 0.029402 0.028994 0.027266 0.026048 0.023023 0.02211 0.021421 0.019761 0.017215 0.014981 0.014498 0.014447 0.014189 0.013959 0.012833 0.012759 0.011685 0.011574 0.011451 0.01098 0.010152 0.0081116 0.0076573 0 0.0064271 0.0040506 0 0.0039464 0 0 0.0038635 0 0.0032775 0.0022642 0 0.0007507 0.0006847 0.0003875 9.05e-05 6e-06 0
1 0.16802 0.099817 0.094716 0.069333 0 0.052254 0.043525 0 0 0.04093 0.039749 0.035248 0.033137 0.033009 0.032023 0.026718 0.023343 0.021031 0.020464 0.01836 0.018322 0.017942 0.017875 0.011353 0.0088705 0.0086677 0.0082932 0.0078103 0.0076821 0.006477 0.0061731 0.0048963 0.0041935 0.0038751 0.0025482 0.0023851 0.0020293 0 0.0014174 0.0012712 0 0.0012597 0.0012589 0 0.0011609 0.0009828 0.0005453 0.0002479 0 0.0002478 0.0002141 0.0001801 0.0001344 9.9e-06 0
0 0.13135 0.07686 0.060486 0.054752 0 0.053023 0.0488 0 0 0.046138 0.043257 0.041043 0.036613 0.031174 0.030012 0.029376 0.025322 0.02281 0.022614 0 0.020075 0.019739 0.01781 0.017405 0.015906 0.014376 0.014052 0.012903 0.012051 0.011603 0.011103 0.01061 0.0092395 0.0089135 0.0088086 0.0085216 0.0079492 0 0.0046863 0.0045053 0 0.0036206 0.0027088 0.0026303 0.0026045 0.0025269 0.0013486 0.0003847 0 0.000106 9.04e-05 0 5.86e-05 3.33e-05 0
1 0.10222 0.10157 0.077613 0.06255 0 0.052359 0.049808 0 0 0.045107 0.042204 0.036385 0.033537 0 0.032411 0.031768 0.02883 0.028361 0.025791 0 0.023222 0.020876 0.016733 0.013895 0.013823 0.013794 0.013793 0.013262 0.013011 0.012555 0.0122 0.011304 0.011051 0.0086765 0.008408 0.0081146 0.0072028 0 0.0068111 0.0042396 0 0.0038474 0.0037483 0 0.0036928 0.0016341 0.0012172 0.0009774 0 0.0006408 0.0005589 0.0001016 6.38e-05 2.91e-05 0
0 0.10548 0.08354 0.077947 0.065537 0 0.053291 0.047474 0 0 0.045735 0.037755 0.030473 0.029976 0.029689 0.029033 0 0.027008 0.026597 0.024112 0 0.022397 0.021203 0.019898 0.018983 0.017979 0.017708 0.017549 0.015606 0.015267 0.015081 0.014964 0.011863 0.01036 0.0097646 0.0095902 0.008446 0.0078595 0 0.0071283 0.0053237 0 0.0051347 0.0038721 0.0035578 0.002511 0.001967 0.0013167 0.0006261 0 0.0002389 5.7e-05 3.54e-05 3.35e-05 3.24e-05 0
1 0.12548 0.091696 0.063733 0.057608 0 0.048754 0.039389 0 0 0.038914 0.035576 0.034519 0.033288 0.032834 0.031659 0.030551 0.029795 0.029243 0.027335 0 0.022264 0.02108 0.019942 0.01921 0.019208 0.015829 0.012737 0.012132 0.011273 0.010155 0.0096935 0.008405 0.0083678 0.0078799 0.0070175 0.0068056 0.0066786 0 0.006546 0.0064987 0 0.0052996 0.0050392 0 0.0039993 0 0.0018007 0.000422 0 0.0004213 0.0004077 0.0002846 0.0001686 6.15e-05 0
0 0.15792 0.083108 0.076234 0.074881 0 0.073185 0.052062 0 0 0 0.039193 0.034726 0.033013 0 0.032638 0.025816 0.024302 0.022709 0.022211 0 0.021918 0.019884 0.01839 0.017056 0.014726 0.014118 0.013703 0.013575 0.012924 0.012486 0.011163 0.010522 0.010399 0.0081447 0.0080382 0.0066711 0.0060888 0 0.0054398 0.0047733 0 0.0046568 0.0040308 0 0.0037621 0.0021346 0.0015002 0.000885 0.0005484 0.0002382 9.47e-05 6.8e-05 6.02e-05 5.9e-06 0
1 0.11698 0.089986 0.076253 0.049382 0 0.04711 0.046445 0 0 0.036572 0.034146 0.033627 0.0332 0 0.032643 0.030764 0.030217 0.026965 0.02422 0 0.02358 0.02285 0.02064 0.019523 0.017992 0.017489 0.016559 0.015093 0.014198 0.014092 0.013249 0.012655 0.01253 0.012362 0.012087 0.010642 0 0 0.0098263 0.0085644 0 0.0041893 0 0 0.0038575 0.0025037 0.0022306 0.0020324 0.0012472 0.0011602 0.0001676 8.05e-05 4.52e-05 3.71e-05 3e-06
1 0.12773 0.12476 0.057025 0.052936 0 0.040769 0.039304 0 0 0.034189 0.03318 0.03258 0.031224 0.031145 0.030779 0.030708 0.028591 0.026565 0.023415 0 0.020196 0.019283 0.018944 0.016364 0.015267 0.015119 0.013941 0.013839 0.013072 0.01188 0.011625 0.010842 0.010821 0.010698 0.01011 0.0090189 0.0072173 0 0.0058146 0.0038483 0 0.0036871 0.0030256 0 0.0027617 0.002569 0.0016851 0.0016713 0.001189 0.0003575 0.0001 9.86e-05 5.86e-05 2.9e-06 0
1 0.14346 0.086605 0.067885 0.06208 0 0.053067 0 0 0 0.049551 0.033924 0.033525 0.032267 0.032031 0.029891 0.029313 0.027379 0.026934 0.026303 0 0.02311 0.022172 0.02213 0.021291 0.018724 0.015316 0.014613 0.0133 0.012925 0.012917 0 0.010085 0.010079 0.0091991 0.0083465 0.0077873 0.0062735 0 0.0061915 0.0053081 0 0.0052838 0.0051427 0.0051019 0.0048688 0.0043736 0.0004477 0.0001923 0 0.0001801 0.0001457 0.0001108 7.49e-05 5.93e-05 3.01e-05
1 0.1265 0.087361 0.060121 0.053474 0 0.052819 0.03787 0 0 0.037078 0.031998 0.031684 0.031194 0.030408 0.030165 0.028937 0.028412 0.028238 0.027542 0 0.025048 0.022334 0.020945 0.02044 0.01994 0.019586 0.01918 0.016372 0.016101 0.016036 0.015089 0.014027 0.010037 0.0063077 0.0062437 0.0050864 0.0047206 0 0.003587 0.0025921 0 0.002581 0 0 0.002357 0.0022512 0.0014082 0.0011255 0 0.001068 0.0009329 0.0005436 0.0001298 0.0001225 0
1 0.14246 0.08046 0.053474 0.051281 0 0.050632 0.046504 0 0 0.038416 0.033786 0.033673 0.032123 0.031249 0.031087 0.027292 0.023466 0.023333 0.022639 0 0.020068 0.019664 0.018784 0 0.01874 0.016752 0.015549 0.015242 0.013853 0.013202 0.012489 0.011981 0.011838 0.01164 0.010673 0.010653 0.010349 0 0.010136 0.0094189 0 0.0080206 0 0 0.0053454 0.004909 0.0039098 0.0019632 0 0.0012857 0.0012645 0.000205 9.76e-05 5.06e-05 3.63e-05
0 0.11381 0.089544 0.077799 0.058597 0 0.055035 0.046681 0 0 0.041578 0.039407 0.034247 0.033575 0.029375 0.029118 0.026224 0.025135 0.02385 0.023739 0 0.019771 0.019608 0.016615 0.016535 0.016411 0.01516 0.014137 0.014057 0.013968 0.013675 0.013278 0.012715 0.0099143 0.0090412 0.0078223 0.0074825 0.0051591 0 0.0051273 0.004973 0 0.0039664 0.0038719 0 0.0026652 0.0024891 0.0017857 0.001244 0 0.0002238 0.0001817 0.0001753 0.0001113 9.09e-05 2.69e-05
0 0.12277 0.064085 0.064016 0.054914 0 0.054244 0.051312 0 0 0.051226 0.051167 0.043557 0.040507 0.038886 0.036211 0.027489 0.025265 0.023158 0.020421 0 0.017969 0.016944 0.016545 0.014678 0.013914 0.013746 0.013286 0.012607 0.012146 0.011386 0.010997 0.010655 0.01033 0.0089088 0.0067436 0.006733 0.0063326 0 0.0062972 0.0039137 0 0.0035984 0.0035393 0 0.0028452 0.0025839 0.0012842 0.0012594 0 0.0011833 0.0002168 0 0.0001012 2.98e-05 0
0 0.12361 0.081969 0.074751 0.072403 0 0.050409 0.042668 0 0 0.04099 0.040964 0.038143 0.031842 0.027711 0.027396 0 0.02488 0.024314 0.023994 0 0.023388 0.020718 0.020228 0.019076 0.018666 0.018172 0.015142 0.013722 0.01143 0.011387 0.010752 0.010232 0.0099208 0.0094112 0.0086563 0.0085618 0.0062387 0 0.0062038 0.0061797 0 0.0053887 0 0 0.0051543 0.0045022 0.0042051 0.0024792 0 0.0024366 0.0008551 0.0003845 0.0003366 6.84e-05 5.99e-05
1 0.14142 0.087852 0.065157 0.054392 0 0.052053 0.048838 0 0 0.038364 0.037548 0.036281 0.035127 0.033234 0.032439 0.027098 0.025945 0.025736 0.022742 0 0.020632 0.020194 0.018534 0 0.0183 0.015271 0.014518 0.014257 0.013581 0.01207 0.011387 0.010278 0.01008 0.0097643 0.0089964 0.0077906 0.0065494 0 0.0063982 0.006217 0 0.0027404 0.0018664 0 0.0017418 0.0011934 0.0011768 0.0009769 0 0.0004361 0.0002921 0.0001983 0.0001974 9.27e-05 3.55e-05
0 0.11479 0.09575 0.08114 0.058782 0 0.045249 0.042439 0 0 0.035748 0.033384 0.033195 0.030342 0.028636 0.02635 0.025735 0.025715 0.024611 0.024401 0 0.024099 0.023889 0.022644 0.01666 0.01653 0.016185 0.01603 0.014042 0.013905 0.013266 0.012451 0.012065 0.011013 0.01033 0.0090229 0.0077776 0.007342 0 0.0049883 0.0048561 0 0.0044682 0 0 0.0041269 0.002847 0.0014901 0.0013383 0 0.0011253 0.0006818 0.0002378 0.0001807 0.0001363 0
1 0.11485 0.087695 0.076015 0.057159 0 0.054829 0.050799 0 0 0.050276 0.042391 0.038602 0.038262 0 0.033835 0.032332 0.025139 0.024289 0.02368 0 0.023257 0.018588 0.017386 0.017222 0.016163 0.014821 0.012414 0.012124 0.011458 0.011306 0.010812 0.010353 0.0094201 0.0092043 0.008908 0.0072012 0.0064912 0 0.0061912 0.0049927 0 0.0048657 0.0044008 0 0.0038818 0.0036479 0 0.0026074 0 0.0015396 0.0002843 0.0001511 9.7e-05 5.51e-05 0
0 0.092997 0.075082 0.063461 0.045641 0 0.045176 0.044318 0 0 0.044164 0.044034 0.041823 0.040688 0.034958 0.033149 0.031299 0.029979 0.026955 0.026006 0 0.024634 0 0.024497 0.023588 0.023226 0.02222 0.020052 0.018589 0.015555 0.014611 0.013671 0.011622 0.010191 0.0084512 0.0077739 0.0077687 0.0063912 0 0.005535 0.0044164 0 0.0042722 0 0.0034276 0.0024412 0.0023722 0 0.002085 0 0.001211 0.0011881 0.0002906 0.0001598 3.14e-05 0
1 0.13495 0.098732 0.097116 0.093886 0 0.048262 0.038968 0 0 0.035087 0.034634 0.028049 0.024674 0 0.023988 0.022646 0.021763 0.021023 0.020216 0.018948 0.018011 0.017227 0.017158 0.016992 0.016394 0.015873 0.013213 0.012711 0.011711 0 0.011411 0.011217 0.011067 0.01033 0.0088975 0.0078872 0.0069459 0 0.0063921 0.0050257 0 0.0050197 0.0047534 0 0.0036975 0.0022373 0.0019239 0.000377 0 0.0001979 0.0001358 0.000105 9.15e-05 3.76e-05 2.2e-05
0 0.16405 0.087008 0.080399 0.06195 0 0.049697 0.043057 0 0 0.040146 0.035447 0.035058 0.03139 0.03038 0.02572 0.024782 0.021708 0.021337 0.019429 0 0.017321 0.016597 0.015411 0.015241 0.014655 0.014376 0.013967 0.013811 0.012569 0.011278 0.0088631 0.0086415 0.0081997 0.0076498 0.0070616 0.0067353 0.0064079 0 0.0062884 0.0056799 0 0.0052492 0.004094 0.0024221 0.0013568 0.0012798 0.0009565 0.0006697 0 0.0005189 0.0005157 0.0003859 0.0001508 8.99e-05 0
0 0.15054 0.092835 0.089513 0.084372 0 0.050534 0.04434 0 0 0.038992 0.038768 0.033646 0.027871 0.027589 0.027323 0.026845 0.024848 0.022484 0.020187 0 0.019807 0.017361 0.015685 0.014197 0.014175 0.013106 0.012835 0.012185 0.011251 0.0089779 0.0084457 0.0084101 0.0078688 0.0055877 0.0053126 0.0040327 0.0039229 0 0.0039081 0.002531 0 0.0023098 0 0.0014856 0.0012719 0.0012669 0.0012585 0.0011817 0 0.0005737 0.000245 0 8.88e-05 3.28e-05 0
0 0.10154 0.08728 0.076041 0.066924 0 0.048619 0.043684 0 0 0.041398 0.040416 0.039245 0.036487 0.034778 0.03173 0.030951 0.025911 0.024798 0.023685 0 0.023532 0.022541 0.02096 0.016842 0.016527 0.016154 0.015081 0.014742 0.013901 0.012633 0.012288 0.010298 0.010004 0.0056587 0.0052655 0.0045802 0.0043544 0 0 0.0038662 0 0.0038162 0.0033419 0 0.0033062 0.0031994 0 0.0016697 0 0.0012321 0.0003177 0.0002042 0.0001002 6.23e-05 3.8e-05
1 0.19462 0.085871 0.074665 0.052095 0 0.040433 0.040372 0.037823 0 0.037543 0.0364 0.027813 0.026707 0.026406 0.026206 0.023869 0.021973 0.02093 0.019662 0 0.018226 0.017755 0.014887 0.014193 0.013183 0.012819 0.012416 0.010845 0.01057 0.0084437 0.0082125 0.0078091 0.0070944 0.0069322 0.0068931 0.0068428 0.0066679 0 0.0052509 0.0045494 0 0.0040641 0 0 0.0026883 0.0022326 0.0016704 0.0011777 0 0.000648 0.0002164 0.0001919 0.0001045 2.86e-05 0
0 0.11567 0.087128 0.082458 0.058682 0 0.051458 0.046054 0 0 0.044675 0.042264 0.038277 0.037711 0 0 0.034922 0.032042 0.029291 0.028316 0 0.027413 0.024268 0.021274 0.020464 0.018389 0.017365 0.015891 0.015524 0.014225 0.012225 0.010868 0.008822 0.0081582 0.0078028 0.0066928 0.0058668 0.0054613 0 0.0054056 0.0047067 0 0.0040866 0.003984 0 0.0029261 0.0028507 0.0026494 0.0022861 0.001346 3.43e-05 3.06e-05 0 2.16e-05 1.46e-05 0
0 0.092821 0.08486 0.069149 0.063535 0 0.050299 0.0499 0 0 0.049667 0.038857 0.036277 0.035119 0.033669 0.03361 0.033052 0.03159 0.027913 0.027589 0 0.021061 0.020987 0.020227 0.018897 0.018315 0.017041 0.011953 0.011907 0.011417 0.010497 0.010377 0.0093491 0.0083279 0.0067659 0.0063962 0.0060475 0.0057945 0 0.0054303 0.0049245 0 0.0041135 0 0 0.0040489 0.0034856 0.0022129 0.0012763 0 0.0006101 0.0003318 0.0001225 0.0001056 6.79e-05 0
1 0.11921 0.11298 0.090337 0.079261 0 0.063661 0.033608 0 0 0.031827 0.028344 0.026635 0.026316 0 0.024825 0.024049 0.023899 0.023463 0.022157 0 0.020936 0.020065 0.019782 0.018716 0.018229 0.015562 0.015489 0.015457 0.015328 0.010998 0.010724 0.010661 0.010198 0.010123 0.009994 0.0092198 0 0 0.0090486 0.0077657 0 0.0052166 0 0 0.0039444 0.0038718 0.0031365 0.0025981 0 0.0012637 0.0007384 0.0002004 0.0001339 2.54e-05 0
1 0.14661 0.095203 0.091963 0.079028 0 0.050259 0.050254 0 0 0.044968 0.034889 0.034483 0.0301 0 0.026455 0.025186 0.024008 0.022633 0.022137 0 0.019075 0.018707 0.017054 0.015744 0.014547 0.014276 0.013773 0.013729 0.012282 0.011346 0 0.010853 0.0084155 0.0081873 0.0080141 0.007408 0.0064335 0 0.0059633 0.0035327 0 0.0032006 0.0030416 0 0.0027457 0.001096 0.0009152 0.000815 0 0.0003401 0.0001335 0 0.0001077 8.85e-05 0
1 0.21136 0.087044 0.07078 0.054257 0 0.054136 0.04973 0 0 0.038248 0.032922 0.026789 0.026391 0.025763 0.025088 0.023988 0.022252 0.021029 0.019208 0 0.018384 0.016842 0.015574 0.0155 0.015491 0.0091841 0.0088524 0.0086592 0.0080026 0.0079145 0.0079073 0.007845 0.0077666 0.0076019 0.0072931 0.0068053 0.0066038 0 0.0060437 0.0056093 0 0.0053078 0.0049812 0.0034731 0.0028977 0.0026987 0.0025111 0.0005723 0.000312 0.0002235 6.41e-05 5.71e-05 2.9e-05 5.5e-06 0
1 0.13543 0.091976 0.084159 0.065495 0 0.051094 0.047466 0 0 0.042671 0.041287 0.037405 0.031685 0.03158 0.026676 0.02428 0.019501 0.018542 0.018513 0 0.01662 0 0.016076 0.016025 0.015831 0.015159 0.014881 0.013336 0.013048 0.012483 0.011549 0.009701 0.0088553 0.0087658 0.0086085 0.0081542 0.0078024 0 0.0077991 0.0062391 0 0.0050886 0.0045831 0.0038664 0.0021823 0.0014293 0.0013129 0.0010026 0 0.0008872 0.0005692 0.0002184 8.3e-05 8.28e-05 0
0 0.101 0.087789 0.075358 0.061431 0 0.056425 0.043726 0 0 0.035823 0.03534 0.034133 0.03343 0.03343 0.030204 0.027591 0.026047 0.023882 0.02353 0 0.023218 0.020767 0.018624 0.018293 0.017966 0.014979 0.013801 0.012483 0.012365 0.011299 0.011278 0.011015 0.010717 0.010378 0.010353 0.0090661 0.0086773 0 0.0069223 0.0062646 0 0.0050494 0 0 0.0044714 0.0042022 0.0036453 0.0019564 0.0013506 0.0011591 0.0002554 0.0002261 7.38e-05 5.7e-06 0
1 0.11079 0.10849 0.077543 0.059231 0 0.056431 0.046875 0 0 0.046617 0.045326 0.038966 0.037503 0.03054 0.029748 0.023609 0.020837 0.01679 0.016513 0 0.016482 0.015263 0.014964 0.014345 0.013945 0.013673 0.012866 0.012853 0.011875 0.011554 0.011335 0.010984 0.010273 0.010142 0.0098926 0.0067948 0.0064968 0 0.0061716 0.0052203 0 0.0050554 0 0.0033049 0.0029465 0.0024673 0.001744 0.0015938 0.0013499 0.0002692 0.0002585 3.31e-05 2.99e-05 1.13e-05 0
1 0.12137 0.087658 0.081569 0.069762 0 0.059014 0 0 0 0.058836 0.038743 0.034812 0.029829 0.029 0.028703 0.023782 0.02223 0.021717 0.021103 0.01952 0.018056 0.017638 0.017352 0.016436 0.016407 0.015431 0.015217 0.013626 0.012597 0.012226 0.01218 0.011629 0.011133 0.010076 0.0095296 0.0071317 0.0055882 0 0.0052335 0.0050614 0 0.0050544 0.0048071 0 0.0038265 0.0032182 0.0013726 0.0007271 0.0002799 0.0002708 0.0001754 6.61e-05 3.1e-06 2.9e-06 0
0 0.12765 0.070996 0.05369 0.050569 0 0.040235 0.038233 0 0 0 0.037187 0.036748 0.033287 0.033096 0.031916 0.030493 0.030464 0.028861 0.028794 0 0.02846 0.025095 0.023641 0.021432 0.021006 0.020598 0.020522 0.016032 0.014817 0.014234 0.014058 0.012616 0.011791 0.011781 0.010125 0.0101 0.0091816 0 0.0086266 0.0067644 0 0.0064622 0.0051497 0 0.0051437 0.0027982 0.002552 0.0022159 0.0019636 0.0002188 0.0002048 0.0001594 2.75e-05 3e-06 0
1 0.14756 0.093096 0.055845 0.048097 0 0.045797 0.040025 0 0 0.035988 0.035726 0.03155 0.030628 0.030336 0.030088 0.026655 0.023732 0.023726 0.022897 0 0.020296 0.019693 0.018622 0.018553 0.017762 0.017365 0.017354 0.016417 0.016059 0.015631 0.015464 0.012593 0.011747 0.011462 0.010036 0.0079453 0.0063273 0 0.0051125 0.0048186 0 0.0046694 0.0033307 0.0025574 0.0017842 0.0012672 0 0.001204 0 0 6.38e-05 0 5.95e-05 5.83e-05 0
0 0.15035 0.071114 0.070531 0.065191 0 0.057171 0.0361 0 0 0 0.0357 0.035365 0.03522 0.034697 0.03465 0.034462 0.034139 0.032415 0.027493 0 0.024537 0 0.022643 0.020198 0.018243 0.017958 0.017009 0.016528 0.015605 0.012225 0 0.011328 0.010827 0.0090471 0.0065957 0.0062037 0.0059861 0 0.0059414 0.0044909 0 0.004183 0.0040606 0 0.0039632 0.0025119 0.0017862 0.0012007 0.0011851 0.0010935 2.82e-05 0 1.99e-05 2.7e-06 0
0 0.13676 0.10251 0.084682 0.066277 0 0.053653 0.052566 0 0 0.047632 0.03421 0.027839 0.027738 0.027359 0.024458 0.023114 0 0.022931 0.02197 0.017076 0.016786 0.016765 0.015587 0.015527 0.014377 0.014055 0.013786 0.012815 0.011458 0.011384 0.010645 0.010121 0.0089547 0.0073851 0.0069399 0.0065582 0.0063403 0 0.0061848 0.0048788 0 0.0048506 0.0047374 0 0.0034029 0.0029058 0.0011866 0.0009656 0.0004233 0.0001005 5.51e-05 2.69e-05 2.21e-05 4.9e-06 0
1 0.12867 0.088192 0.079285 0.056164 0 0.051796 0.039903 0.035706 0 0.035176 0.034925 0.033864 0.031717 0.0286 0.028008 0.024689 0.024246 0.022676 0.02099 0 0.02018 0.019188 0.01833 0.017202 0.01543 0.015226 0.014767 0.014667 0.013035 0.011212 0.0099418 0.0096641 0.0095112 0.0090295 0.0064557 0.0050896 0.0048735 0 0.0042544 0.0042302 0 0.00384 0.0035431 0 0.002101 0.001241 0.0012082 0.0005169 0 0.0002197 0.0001989 0.0001857 2.85e-05 2.45e-05 0
1 0.10441 0.090539 0.087837 0.084747 0 0.054391 0.045068 0 0 0.040975 0.037859 0.03728 0.031025 0 0.028603 0.028239 0.025269 0.021331 0.020604 0 0.018883 0 0.01879 0 0.018587 0.017681 0.017655 0.015782 0.015187 0.014441 0 0.0144 0.014066 0.012788 0.012739 0.01214 0.010389 0 0.0099982 0.008833 0 0.0072345 0.0065534 0 0.0055154 0.0028229 0.002664 0.0022384 0 0.0019994 0.0001416 0.0001349 0.0001179 4.13e-05 0
1 0.091297 0.089227 0.086668 0.04786 0 0.047201 0.040346 0 0 0.036556 0.036343 0.032567 0.031624 0.03094 0.030039 0.029007 0.028348 0.023454 0.023242 0 0.022995 0.022394 0.019754 0.01819 0.017859 0.017576 0.017028 0.016886 0.016605 0.01611 0.015171 0.01384 0.012398 0.012244 0.011166 0.010364 0.0097798 0 0.0064184 0.0041143 0 0.003815 0.003226 0 0.0025639 0.0024844 0 0 0 0.0019593 0.0001961 0 7.86e-05 3.53e-05 3.16e-05
0 0.14035 0.070392 0.063789 0.053309 0 0.049183 0.047297 0 0 0 0.046014 0.044099 0.034676 0.03415 0.030776 0.030216 0.030156 0.026567 0.026299 0 0.025505 0.021312 0.018926 0.017765 0.016499 0.016498 0.01418 0.013843 0.013148 0.011485 0.010599 0.010369 0.010288 0.009315 0.0088142 0.0079134 0.0074032 0 0.0059591 0.0058032 0 0.0057869 0.0057187 0 0.0054592 0.0033954 0.0031002 0.0019672 0.0011832 0.0003051 8.39e-05 6.13e-05 2.46e-05 1.36e-05 0
1 0.11533 0.10846 0.099995 0.045046 0 0.04286 0.040832 0 0 0.03785 0.03631 0.03612 0.035034 0 0.03001 0.029616 0.028232 0.027849 0.027804 0.023608 0.023231 0.020397 0.016653 0.016541 0.015404 0.015087 0.013463 0.012509 0.010696 0.010592 0.0095113 0.0085799 0.0083207 0.0082632 0.0071537 0.0063733 0.0060165 0 0.0057401 0.0055092 0 0.0050178 0.0028274 0 0.0025431 0.0022555 0.0011153 0.0005634 0.0002845 0.0001585 0.0001288 8.47e-05 1.68e-05 5e-06 0
0 0.10923 0.080761 0.080328 0.078383 0 0.050377 0.048412 0 0 0.040859 0.038691 0.033989 0.030074 0.027829 0.02709 0.025656 0.025325 0.024847 0.023794 0 0.023147 0.022304 0.021172 0.015727 0.014621 0.013839 0.013428 0.013215 0.012758 0.012569 0.011504 0.011135 0.0093533 0.0087982 0.007985 0.007315 0.0068017 0 0.0043098 0.0041461 0 0.0040443 0 0 0.0038207 0.0037261 0.0026472 0.0025042 0 0.0013971 0.001268 0.0004329 0.0002228 0.0001618 0
0 0.084579 0.071163 0.067717 0.057838 0 0.056 0.05003 0 0 0.038023 0.036462 0.033645 0.031701 0.031598 0.029408 0.029166 0.028641 0.02673 0.026131 0.024496 0.023446 0.022657 0.020362 0.019914 0.019136 0.017738 0.01671 0.016322 0.01242 0.011994 0.011371 0.011237 0.011089 0.010567 0.0080746 0.0075699 0.0075382 0 0.0062971 0.005831 0 0.0039784 0.003454 0.0024771 0.0022811 0.0019549 0.0018384 0.0001567 0.0001133 5.88e-05 5.63e-05 2.39e-05 2.9e-06 2.7e-06 0
0 0.098256 0.077958 0.071489 0.069081 0 0.064847 0.059818 0 0.057781 0.039593 0.038384 0.034601 0.033748 0.029691 0.026666 0.025062 0.023905 0.021366 0.020693 0 0.019853 0 0.019744 0.019287 0.0166 0.014821 0.01417 0.013368 0.012686 0.011871 0.0068703 0.0064958 0.0061234 0.0059331 0.0050641 0.004975 0.0044775 0 0.0041952 0.0040609 0 0.0040343 0 0 0.0035399 0.0031311 0.0025514 0.0012705 0 0.0012525 0.0004097 0.0001533 7.84e-05 4.68e-05 0
0 0.14904 0.08852 0.082523 0.060957 0 0.058748 0.043616 0 0 0.039076 0.033268 0.029737 0.027242 0.026414 0.025978 0.024611 0.024006 0.023401 0.021056 0 0.02079 0.019145 0.017944 0.017936 0.014189 0.013958 0.013008 0.012756 0.011694 0.011024 0.010484 0.010323 0.0096857 0.009596 0.0078574 0.0068797 0.0064765 0 0.005238 0.005051 0 0.0049112 0.0037359 0 0.0025911 0.0025065 0.0014473 0.0009999 0.0007835 0.0003082 0.0002012 0.0001638 0.0001196 2.9e-06 0
1 0.2028 0.075717 0.075283 0.05579 0 0.047528 0.041493 0 0 0.037849 0.035914 0.028547 0.028162 0.023348 0.022202 0.022063 0.021644 0.020048 0.019099 0 0.019026 0.018972 0.017587 0.01631 0.015944 0.014695 0.014575 0.014001 0.013665 0.013542 0.012371 0.010023 0.010007 0.0076281 0.007486 0.0073567 0.0059447 0 0.0053859 0.0049301 0 0.0037464 0.0026639 0 0.0025571 0.001275 0.001102 0.0006201 0 0.0004414 0.0003942 0.0002123 2.88e-05 2.62e-05 0
0 0.15287 0.097704 0.06011 0.050387 0 0.046987 0.046144 0 0 0.037759 0.037639 0.031431 0.029263 0.028746 0.025272 0 0.024352 0.024135 0.024003 0 0.020967 0.020089 0.019377 0.019003 0.018796 0.018356 0.017709 0.01708 0.014807 0.013805 0.012798 0.012343 0.011231 0.0099175 0.0083421 0.0082051 0.0070986 0 0.0067433 0.0064265 0 0.0053062 0.0051595 0 0.0029305 0.0024746 0.0012066 0.0011755 0.0010472 0.0003918 0.0002215 9.52e-05 8.49e-05 5.5e-06 0
1 0.15641 0.10706 0.071079 0.065523 0 0.04874 0.046721 0 0 0.044047 0.042877 0.036539 0.027777 0.027062 0.026242 0.022818 0.0224 0.022087 0.017569 0.016303 0.016092 0 0.015083 0.01472 0.0139 0.013017 0.012457 0.011498 0.011419 0.0097898 0 0.0096804 0.0092341 0.0088679 0.007665 0.0075797 0.0074382 0 0.0071266 0.0049904 0 0.0046022 0.0038343 0 0.0037967 0.0026186 0.0010975 0.0009681 0 0.0007024 0.0002795 0.0001895 8.89e-05 1.4e-05 0
0 0.085139 0.073042 0.065436 0 0 0.064788 0.061589 0.049619 0 0.039127 0.038454 0.036998 0.035923 0.035408 0.031522 0.030507 0.027559 0.025678 0.024531 0.024091 0.021666 0.01843 0.018259 0.016534 0.015913 0.015398 0.014923 0.013744 0.013345 0.013167 0 0.013162 0.012005 0.011905 0.010869 0.010644 0.0065821 0 0.0050569 0.0043249 0 0.0042142 0.002631 0 0.0021924 0.0018748 0.001856 0.0013098 0 0.0002779 0.0002212 3.41e-05 3e-05 1.92e-05 0
1 0.12022 0.10135 0.068994 0.057493 0 0.049811 0 0 0 0.041784 0.032382 0.031794 0.030679 0.029613 0.029099 0.027201 0.026457 0.025402 0.024182 0 0.022061 0.021892 0.020867 0.018184 0.017886 0.017749 0.017413 0.015476 0.015364 0.014697 0.014393 0.013345 0.012241 0.010803 0.010801 0.0098425 0.0078566 0.0073964 0.006906 0.0065207 0 0.0055525 0.0047097 0 0.0039144 0.0035679 0.0023972 0.0007514 0 0.0003089 0.0003019 0.0001927 0.0001464 1.8e-06 0
0 0.084802 0.075543 0.073116 0.067058 0 0.06214 0.059469 0 0 0.048017 0.045725 0.038653 0.035152 0.03332 0.031631 0.02914 0.023295 0.022015 0.020539 0 0.020091 0.019723 0.016769 0.016087 0.01566 0.014367 0.013345 0.013337 0.01323 0.011678 0.011316 0.010775 0.010292 0.0092508 0.0078767 0.0068124 0.0066933 0 0.0065232 0.006204 0 0.0060443 0.0038748 0 0.0032915 0 0.002721 0.0025728 0 0.0012625 0.0003688 0 0.0001899 2.95e-05 0
1 0.11923 0.10976 0.081299 0.073659 0 0.058176 0.046428 0 0 0.045449 0.038086 0.037329 0.033884 0.03056 0.026624 0.026323 0.023778 0.022021 0.019613 0 0.019599 0.018928 0.014924 0.014402 0.014224 0.013164 0.012673 0.011646 0.010835 0.009485 0.0086502 0.0086013 0.0073313 0.0069446 0.0063672 0.0055755 0.0048253 0 0.0047448 0.0038529 0 0.0025797 0.0025638 0 0.0025265 0.0011791 0.0011489 0.0005494 0.0001801 0.000111 9.12e-05 0 6.13e-05 8.1e-06 0
1 0.1145 0.083893 0.075256 0.054823 0 0.046897 0.040962 0 0 0.040774 0.036522 0.034368 0.033458 0.030597 0.030207 0.029551 0.023924 0.023697 0.023603 0 0.022987 0.022818 0.022061 0.020394 0.019191 0.01537 0.014087 0.014011 0.013519 0.01329 0.012467 0.010956 0.01048 0.010343 0.010046 0.0078559 0.0074267 0 0.0050259 0.0047126 0 0.0037907 0.0037532 0.0036752 0.0025847 0.002478 0.002459 0.0008658 0 0.0001284 7.34e-05 0 6.51e-05 3e-05 2.91e-05
1 0.20749 0.10645 0.056363 0.051046 0 0.050957 0.046498 0 0 0.041608 0.040808 0.033799 0.031856 0.025777 0.023854 0.021756 0.021637 0.020343 0.01872 0 0.018216 0 0.013756 0.013349 0.013205 0.012891 0.012563 0.012289 0.012101 0.010144 0.0096927 0.0092689 0.0089048 0.0084603 0.0075288 0.0072861 0.0061772 0 0.0060753 0.0048307 0 0.0048039 0.0021467 0 0.0019808 0.0013183 0.0012096 0.0010873 0 0.0010328 0.0003555 0.0001359 0.0001352 9.15e-05 0
0 0.094996 0.084863 0.062378 0 0 0.055988 0.055237 0 0 0.046382 0.045065 0.044586 0.042975 0.041813 0.037674 0.037533 0.03439 0.029988 0.029551 0 0.025746 0.024775 0.024727 0.021904 0.017654 0.016656 0.013654 0.01294 0.011695 0.010144 0.0096491 0.0095349 0.0094398 0.0068153 0.0058612 0.0056563 0.0055969 0 0.0050937 0.0044089 0 0.004188 0.002431 0.0022827 0.0022523 0.0014686 0.0013636 0 0.0002638 0.0001717 0.0001302 3.58e-05 3.35e-05 9.5e-06 0
0 0.096788 0.073447 0.065074 0.063475 0 0.060696 0.05453 0 0 0.048417 0.041578 0.039738 0.037961 0.031463 0.03132 0.029251 0.029153 0.028476 0.023704 0 0.02211 0.021832 0.020135 0.019852 0.017423 0.017374 0.017269 0.015053 0.012664 0.011263 0.011012 0.0098404 0.0081488 0.0075602 0.0072299 0.0058401 0.0035745 0 0.0027107 0.0025383 0 0.0024958 0.0023338 0 0.0019114 0.0013042 0.0011589 0.0011226 0 0.0010326 9.29e-05 0 2.8e-05 2.06e-05 0
0 0.10039 0.085877 0.08511 0.078219 0 0.069352 0.045454 0 0 0.039775 0.035793 0.035048 0.034301 0.033872 0.031287 0.027606 0.024736 0.023023 0.022947 0 0.022397 0.021238 0.020916 0.019957 0.017844 0.016418 0.014933 0.01349 0.0097065 0.0089704 0.0083791 0.0077908 0.0077108 0.0061743 0.0052066 0.0050043 0.0038155 0 0.0037643 0.0035646 0 0.0032233 0 0 0.0024774 0 0.0020765 0 0 0.0015872 0.0001863 0.0001851 0.000143 5.56e-05 0
1 0.09795 0.091723 0.071086 0.07053 0 0.060899 0.055032 0 0 0.052783 0.03108 0.030657 0.027837 0.027578 0.025815 0.024839 0.0244 0.022731 0.022165 0 0.020729 0.019847 0.019281 0.018502 0.018229 0.01739 0.015351 0.014963 0.013976 0.013904 0.013317 0.011897 0.011009 0.010244 0.0076659 0.0073296 0 0 0.0065324 0.0054624 0 0.0053713 0.0038566 0 0.0030131 0.0018104 0.001102 0 0 0.0008817 0.0008328 0.0001803 9.63e-05 8.79e-05 3.69e-05
0 0.10667 0.10205 0.091019 0 0 0.063551 0.056441 0 0 0.054661 0.039565 0.039377 0.039215 0.035939 0.029461 0.022555 0.021947 0.020757 0.019785 0.019736 0.019297 0 0.019067 0.017963 0.016617 0.01383 0.012968 0.012909 0.011692 0.011576 0.01078 0.010107 0.010086 0.0094613 0.0092597 0.0088694 0.0076428 0 0.0069489 0.0068834 0.0051677 0.0048359 0.0026729 0 0.0025472 0.0023084 0.0022875 0.0012246 0.0001096 9.16e-05 2.57e-05 2.43e-05 3.3e-06 3e-06 0
1 0.14291 0.1027 0.071638 0.069737 0 0.043191 0.043066 0 0 0.041995 0.041683 0.036305 0.035515 0.033682 0.030805 0.027779 0.027026 0.026162 0.024907 0 0.024088 0.022086 0.019638 0.016503 0.012831 0.0119 0.010989 0.0088562 0.0086279 0.0079919 0.0075478 0.00721 0.0061764 0.005909 0.0037053 0.003691 0.0036326 0 0.003227 0.0031604 0 0.0030679 0.0026852 0 0.0025139 0.0023375 0.0012403 0 0 0.0007854 0.0003146 8.76e-05 5.07e-05 4.32e-05 0
1 0.12272 0.12006 0.070534 0.06613 0 0.040082 0.038874 0 0 0.038076 0.037576 0.032677 0.028537 0.027728 0.02608 0.023579 0.022114 0.020821 0.020166 0 0.019251 0.018951 0.018822 0.01869 0.017924 0.017401 0.014088 0.013304 0.012488 0.011508 0.011075 0.010519 0.0092425 0.0092384 0.0083162 0.0077346 0.0073808 0 0.0068136 0.0064348 0 0.0053422 0.0052124 0 0.0051275 0.0033607 0.0026063 0.0017036 0 0.0008486 0.0005451 0.0002002 8.54e-05 3.23e-05 0
1 0.13143 0.13131 0.083207 0.053724 0 0.044512 0.041188 0 0 0.040164 0.038852 0.038225 0.037097 0.036991 0.026087 0.025149 0.025131 0.023963 0.023169 0 0.017861 0.017363 0.016533 0.015733 0.015377 0.012996 0.011939 0.0099853 0.0096846 0.0096292 0 0.0094692 0.0079457 0.0073542 0.0067627 0.0059205 0.0054746 0 0.0037017 0.0034672 0 0.0025449 0 0 0.0024371 0.0023514 0.0021052 0.0011772 0 0.0011214 0.0003307 0.000328 0.000148 6.15e-05 0
0 0.12068 0.1014 0.06757 0.06248 0 0.047242 0.045761 0 0 0.040172 0.03546 0.034419 0.033313 0.027375 0.026472 0.025827 0.024155 0.022154 0.021103 0 0.021023 0.019601 0.018277 0.018148 0.015128 0.014747 0.014653 0.014525 0.014319 0.012764 0.01153 0.010923 0.010898 0.010483 0.009768 0.0080963 0.0067101 0 0.0058216 0.0055413 0 0.0052962 0.0042379 0.0040248 0.0038542 0.0022281 0.0011907 0.0001686 0 0.0001538 0.0001472 0 0.0001344 3.18e-05 0
0 0.12098 0.10982 0.072849 0.055861 0 0.052046 0.051962 0 0 0.043477 0.041208 0.040054 0.037316 0.027292 0.025166 0.023359 0.023316 0.020824 0.020364 0.019277 0.018888 0.018819 0.015926 0.01487 0.014399 0.013906 0.012776 0.011789 0.011545 0.009128 0.0086889 0.0065475 0.0065289 0.0064943 0.0064444 0.0063267 0.0063076 0 0.0060835 0.0054446 0 0.0043453 0.0026691 0.0024857 0.0024076 0.0011187 0.0002781 0.0001998 0.0001568 7.39e-05 7.37e-05 5.87e-05 3.03e-05 1.58e-05 1.14e-05
0 0.12233 0.12172 0.076447 0.070421 0 0.066452 0.057212 0 0 0.052684 0.039439 0.030087 0.029117 0 0.028523 0 0.027923 0.022138 0.02158 0 0.021194 0.02029 0.016673 0.014879 0.013727 0.013679 0.013482 0.01308 0.012521 0.010666 0.010084 0.0096232 0.009544 0.0087303 0.0075393 0.0068048 0.0067176 0 0.0053128 0.004914 0 0.0032164 0.0029386 0 0.0027065 0 0.0025282 0.001384 0 0.001102 0.0002695 0.0001355 0.000129 6.22e-05 0
1 0.097188 0.08389 0.068726 0.05404 0 0.047218 0.045904 0 0 0.045508 0.037361 0.036268 0.032919 0.031167 0.030292 0.025977 0.024331 0.024256 0.023253 0 0.022604 0.022025 0.019432 0.018659 0.01718 0.016401 0.016063 0.015632 0.015599 0.014795 0.014444 0.0133 0.013281 0.012018 0.01098 0.0095849 0.0078541 0 0.0065969 0.0063769 0 0.003815 0.0037145 0 0.0036721 0.0034823 0.0024123 0.0011116 0 0.0002315 0.0001178 0.0001016 9.5e-05 8.67e-05 3.64e-05
0 0.1427 0.089969 0.079628 0.055756 0 0.053314 0.038886 0 0 0.038169 0.037611 0.028634 0.02831 0.027751 0.023251 0.022671 0.022184 0.020403 0.020091 0 0.020019 0.020005 0.01865 0.017223 0.015914 0.015889 0.014999 0.014379 0.014131 0.013254 0.013237 0.012942 0.01294 0.012792 0.011601 0.0080877 0.0063068 0 0.0057465 0.0047203 0 0.0040069 0 0.0040019 0.0039069 0.0023143 0.0013966 0.000955 0 0.0006519 0.0002308 0.0001717 0.000132 6.44e-05 0
1 0.099308 0.097152 0.066129 0.053518 0 0.052811 0.044616 0 0 0 0.0387 0.036948 0.036942 0.03534 0.033054 0.028002 0.027545 0.025909 0.025048 0 0.024703 0.024581 0.023175 0 0.022888 0.022725 0.021527 0.020928 0.019755 0.016245 0.01444 0.012343 0.012159 0.010574 0.0098268 0.008037 0 0 0.0077693 0.0065145 0 0.0055244 0.0052009 0.0037148 0.0026766 0.0012056 0.0011451 0.0005432 0 0.0003109 0.0002853 8.85e-05 6.47e-05 3.03e-05 0
1 0.13193 0.087696 0.070128 0.064442 0 0.047578 0.044171 0 0 0.043533 0.034451 0.031287 0.028714 0.028612 0.028273 0.026833 0.026422 0.024257 0.023634 0 0.022782 0 0.021751 0.021123 0.018331 0.018146 0.016285 0.01489 0.012213 0.011999 0.010946 0.0099796 0.0098725 0.0092367 0.0091795 0.0090927 0.0076803 0 0.006369 0.0063047 0 0.0053696 0.005081 0.004516 0.0013489 0.0013248 0.0012998 0.0012942 0 0.0012922 0.0001224 8.92e-05 6.29e-05 5.15e-05 0
1 0.18782 0.13842 0.051776 0.039351 0 0.038192 0.037526 0 0 0.035161 0.033592 0.032289 0.027839 0.026313 0.025531 0.023873 0.023289 0.022511 0.022164 0 0.022068 0.021647 0.021618 0.019468 0.016979 0.015903 0.015586 0.011877 0.009347 0.0092023 0 0.0084652 0.0081353 0.0066092 0.0064028 0.0061951 0.0061131 0 0.0052592 0.0049312 0 0.0041223 0.0037732 0 0.0035416 0.0024424 0.0015289 0.0013059 0.0006811 0.0005231 0.0002986 0.0002162 0.0001025 9e-06 0
0 0.11689 0.073668 0.071555 0.060713 0 0.060288 0.054111 0 0 0.052151 0.051952 0.050467 0.04731 0.039287 0.030496 0.026075 0.025681 0.022281 0.021492 0 0.017668 0.016581 0.015001 0.01478 0.014547 0.014089 0.013564 0.0099737 0.0092865 0.0086038 0.0082047 0.0081913 0.007376 0.0063379 0.0051254 0.0039823 0.0035167 0 0.0031143 0.0026423 0 0.0025107 0.002387 0 0.0022619 0.0014307 0.0013479 0.0012773 0 0.0010538 0.0004595 0.0001802 6.61e-05 2.64e-05 0
0 0.11525 0.086192 0.068023 0 0 0.066865 0.057711 0 0 0.054042 0.045705 0.042707 0.041207 0.039578 0.032642 0.031 0.030279 0.028886 0.025153 0.025123 0.019913 0.01845 0.015668 0.013473 0.01345 0.013342 0.01213 0.011831 0.011194 0.0091357 0.0090883 0.0078665 0.0078286 0.0076678 0.0065948 0.0063399 0.0056958 0 0.0051774 0.0050363 0 0.0037076 0.0023153 0 0.001259 0.001135 0.0004965 0.0003732 0 0.0002336 0.0001324 0 8.74e-05 1.23e-05 0
0 0.11623 0.10143 0.097743 0.065074 0 0.053015 0.05095 0 0 0.050924 0.035663 0.033271 0.028572 0.024674 0.024433 0.024405 0.024226 0.023315 0.022004 0 0.017435 0.01691 0.014846 0.014358 0.013073 0.012735 0.012653 0.012263 0.010833 0.010263 0.010233 0.0093531 0.0093325 0.0088697 0.0086668 0.008209 0.0069217 0 0.0061825 0.0046239 0 0.0043521 0.0037645 0.0031427 0.0024596 0.0011332 0.000737 0.0002132 0 0.0001708 0.0001244 9.42e-05 8.71e-05 2.93e-05 0
1 0.12232 0.11821 0.08333 0.062584 0 0.049794 0.047768 0 0 0.044068 0.030533 0.027745 0.026978 0.025864 0.025301 0.024751 0.024389 0.02308 0.020426 0 0.019914 0.019101 0.01771 0.017632 0.016898 0.016272 0.014069 0.013471 0.0122 0.0118 0.011218 0.010679 0.010234 0.0091894 0.0090329 0.0063767 0.0062853 0 0.0061244 0.0038324 0 0.0025121 0 0 0.0025106 0.0020505 0.0012505 0.001168 0 0.000564 0.0003605 0.0002355 9.45e-05 7.22e-05 0
0 0.08562 0.084252 0.076077 0.069703 0 0.067915 0.062202 0 0 0 0.049354 0.039974 0.032738 0.030191 0.030134 0.029634 0.02939 0.023848 0.023722 0 0.022234 0.021873 0.021749 0.019326 0.019162 0.018531 0.016768 0.013312 0.012743 0.012186 0.011622 0.011227 0.0087011 0.0085732 0.0066945 0.0064137 0.0053289 0 0.0052367 0.0051259 0 0.0050795 0 0 0.0032551 0.0025813 0.002474 0.0022993 0 0.0012734 0.0012099 9.57e-05 8.41e-05 5.07e-05 3.49e-05
1 0.088526 0.075978 0.075315 0.073189 0 0.069705 0.047457 0 0 0.045191 0.043181 0.041809 0.032894 0.030855 0.030355 0.02986 0.027317 0.026102 0.025982 0 0.021258 0.019998 0.017313 0.016814 0.015635 0.015374 0.014753 0.014405 0.014143 0.013587 0.010238 0.010028 0.0093393 0.0082832 0.0071213 0.0050167 0.003714 0 0.0036556 0.0027974 0 0.0025128 0.0024804 0 0.0023979 0.0014419 0.0011674 0.0009785 0 0.0009604 0.0005339 0.0002204 5.75e-05 3.29e-05 2.62e-05
0 0.092078 0.091957 0.079326 0.061039 0 0.058689 0.057841 0 0 0.053509 0.035627 0.030994 0.029926 0.028496 0.027529 0.027431 0.02548 0.025335 0.022483 0.022285 0.020678 0.019864 0.019513 0.019288 0.018941 0.016993 0.014086 0.013635 0.011461 0.010633 0.01005 0.0095877 0.0090813 0.0065984 0.0059048 0.0051621 0.004511 0 0.0038767 0.002565 0 0.0022262 0.0013509 0 0.0013194 0 0.0012201 0.0005036 0 0.0004808 0.0002087 0.0001627 6.02e-05 1.27e-05 0
0 0.097336 0.080117 0 0.077821 0 0.070125 0.063431 0 0 0.051531 0.046332 0.029952 0.02962 0.028657 0.028179 0.027383 0.027215 0.025241 0.025189 0 0.024117 0.020831 0.019687 0.017971 0.017888 0.017312 0.01592 0.015772 0.014539 0.014275 0.013659 0.011442 0.010604 0.010213 0.010175 0.0093172 0.0084005 0 0.0083965 0.0074885 0 0.0057485 0.0049982 0.0049645 0.0025348 0.0024315 0.0017642 0.0006326 0 0.0004899 0.0001231 9.21e-05 5.73e-05 2.88e-05 0
0 0.15709 0.068881 0.06852 0.058092 0 0.057742 0.0524 0 0 0.044859 0.039937 0.032875 0.032444 0.032414 0.029263 0.028204 0.024804 0.023861 0.023747 0.022778 0.020464 0.01777 0.016301 0.015702 0.01373 0.012677 0.011341 0.0098704 0.0084395 0.0075475 0.007452 0.0074191 0.0070874 0.0069539 0.0067245 0.0060089 0.0056527 0 0.0048311 0.0042364 0 0.0029527 0.0025102 0 0.0020832 0.0016348 0.0012425 0.0010609 0 0.0001471 0.0001261 0 0.0001227 3.1e-06 0
0 0.12414 0.088655 0.073375 0.061318 0 0.046549 0.045656 0 0 0 0.043844 0.04102 0.037332 0 0.03536 0.034502 0.033616 0.033385 0.030011 0 0.028472 0.023475 0.022139 0.020502 0.01698 0.016577 0.014724 0.014175 0.012825 0.011283 0.010718 0.0093513 0.0090652 0.0073426 0.0071054 0.0070012 0.0067414 0 0.0061902 0.0061562 0 0.0053026 0.0035875 0 0.0033188 0.0026738 0.0023973 0.0013057 0 0.00074812 0.00045291 0.00032711 0.00027131 3.0201e-05 0
1 0.11162 0.10493 0.085427 0.066134 0 0.044071 0.040121 0 0 0.034215 0.034126 0.033398 0.031443 0.030876 0.030043 0.029414 0.02752 0.02683 0.025554 0 0.022009 0.021428 0.020372 0.017584 0.01477 0.014711 0.012765 0.012744 0.012557 0.01229 0.011596 0.010226 0.010191 0.0081233 0.0070457 0.0064961 0.0061139 0 0.0049321 0.0048497 0 0.0035983 0.0032881 0 0.0024156 0.001179 0.0011428 0.0007852 0 0.0005475 0.0002235 0 0.0002123 9.03e-05 0
1 0.13868 0.12565 0.089355 0.051314 0 0.045609 0.040424 0 0 0.039524 0.034746 0.030843 0.028219 0.025373 0.025171 0.023844 0.02282 0.021465 0.020213 0 0.018978 0.018064 0.017656 0.016785 0.015695 0.015013 0.013906 0.012917 0.012586 0.011644 0.011073 0.0097718 0.0096754 0.0078765 0.0074711 0.0074587 0.0069779 0 0.004709 0.0039122 0 0.0037274 0.0029402 0.0025259 0.002483 0.0012128 0.0011377 0.0002131 0 0.0001272 0.0001178 0 5.95e-05 2.93e-05 0
1 0.10597 0.093953 0.08524 0.068236 0 0.048059 0.044773 0 0 0.044556 0.042898 0.040917 0.034984 0.032909 0.028768 0.025778 0.02522 0.024166 0.02402 0.02242 0.020765 0.01933 0.019021 0.017323 0.016844 0.013433 0.012765 0.011947 0.010692 0.0097561 0 0.0096914 0.0084179 0.0070708 0.0058023 0.0046755 0.0039996 0 0.0024764 0.0024665 0 0.0024043 0.0023353 0 0.0022603 0.0014936 0 0.0011763 0 0.0005276 0.000218 0.0001378 9.4e-05 1.18e-05 0
0 0.099124 0.087238 0 0.064664 0.053806 0.053723 0.051731 0 0 0.048769 0.047538 0.036899 0.03288 0.032133 0.027921 0.027689 0.025881 0.022926 0.022118 0 0.020874 0.02079 0.020513 0.019816 0.018454 0.016372 0.016178 0.015647 0.014767 0.014421 0.014148 0.011847 0.011051 0.0097476 0.0095287 0.0091296 0.003823 0 0.0037247 0.0030084 0 0.0027986 0.0026739 0 0.0012546 0.0012421 0.0012247 0.0008231 0 0.0004103 0.0003404 0.0002448 0.0001056 1.3e-06 0
1 0.11304 0.10197 0.074355 0.072723 0 0.056648 0.055987 0 0 0.042318 0.038204 0.029068 0.028987 0.027213 0.025261 0.020903 0.019061 0.018984 0.018218 0.017956 0.017478 0.017067 0.016712 0.016237 0.016198 0.01601 0.014188 0.013483 0.01275 0.012375 0.0122 0.01211 0.01098 0.0085837 0.0073125 0.007235 0.0060904 0 0.0049831 0.0047285 0 0.0037279 0.003597 0 0.0015377 0.0011973 0.0010938 0.0006528 0 0.0003788 9e-05 5.47e-05 4.81e-05 3e-06 0
1 0.17067 0.10597 0.048775 0.044444 0 0.042545 0 0 0 0.040785 0.037367 0.036825 0.029729 0.02756 0.026976 0.026625 0.022684 0.022159 0.021814 0 0.021569 0 0.020721 0.019187 0.018414 0.017523 0.01748 0.016465 0.01646 0.016397 0.015835 0.015738 0.014628 0.012704 0.010644 0.0078968 0.0078408 0 0.0068923 0.0067892 0 0.0065968 0.0051933 0 0.0049934 0.0045012 0.0038533 0.0024101 0.0024035 0.0015338 0.000263 9.96e-05 3.02e-05 5.8e-06 0
0 0.16101 0.083498 0.083137 0.060199 0 0.046649 0.046573 0 0 0.038956 0.036102 0.03493 0.030403 0.028259 0.025987 0.025119 0.024238 0.024191 0.022451 0 0.021841 0.019572 0.017795 0.01387 0.0137 0.01352 0.012925 0.01242 0.012205 0.0098447 0.0094208 0.0087217 0.0075343 0.0068471 0.0068217 0.00553 0.0044157 0 0.0040598 0.0040461 0 0.0040174 0.0039306 0 0.0037076 0.0035066 0.0031774 0.0029745 0.0012943 0.0002064 0.0001774 0.0001175 9.07e-05 6.7e-06 0
1 0.098364 0.092108 0.062144 0.055432 0 0.051751 0.051633 0 0 0.045972 0.04118 0.038435 0.038055 0.035786 0.035671 0.033024 0.027445 0.02712 0.0244 0 0.022457 0.020829 0.019069 0.016772 0.015943 0.014514 0.014372 0.013248 0.01312 0.01195 0.0089554 0.0083442 0.0081164 0.0074176 0.0072719 0.0072311 0.0065983 0 0.005994 0.0046334 0 0.0036624 0.0026494 0 0.0025723 0.0020133 0.001223 0.0011377 0.0006004 0.0002883 0.0002374 0.0002324 2.32e-05 2.6e-06 0
0 0.10422 0.09151 0.070606 0.056725 0 0.049753 0.045323 0 0 0.043654 0.043002 0.040078 0.036911 0.033254 0 0.032615 0.02938 0.021994 0.021813 0 0.02002 0.019978 0.018796 0.018783 0.018173 0.017707 0.017198 0.014387 0.013939 0.013306 0.013053 0.012545 0.01201 0.011298 0.0097836 0.0097134 0.0087836 0 0.0064636 0.0056963 0 0.0049995 0 0 0.0025056 0.002477 0.0024105 0.0021094 0 0.0011352 0.0009265 0.0006959 0.0001303 9.71e-05 3.73e-05
0 0.096759 0.091736 0.077655 0.06233 0 0.062126 0.060624 0 0 0 0.054952 0.047144 0.044117 0.041656 0.033667 0.033235 0.027023 0.026273 0.019918 0 0.01969 0.018296 0.015418 0.014817 0.013581 0.013234 0.013083 0.01301 0.011023 0.010564 0.0095262 0.0086115 0.0081324 0.0076388 0.0073403 0.0064157 0.0053127 0 0.0052349 0.004054 0 0.0038746 0 0.003182 0.0027337 0.0025873 0.001089 0.0009808 0 0.0007386 0.0002355 0.0002137 0.0001034 6.31e-05 0
0 0.099605 0.069771 0.05258 0.051991 0 0.051912 0.051214 0 0 0.045783 0.045106 0.04196 0.041254 0 0.039712 0.036861 0.031939 0.029913 0.02891 0.028262 0.028257 0.027736 0.022283 0.020518 0.019686 0.01945 0.019322 0.013329 0.012804 0.012058 0.0089644 0.0087696 0.0080854 0.0060415 0.0058871 0.0036961 0.0034563 0 0.0032846 0.0024685 0 0.0018351 0.0013153 0 0.0011734 0.0011236 0.0006288 0.0004774 0 0.0002397 0.0002111 5.34e-05 3.19e-05 3.01e-05 1.13e-05
0 0.10075 0.088979 0.085678 0.077735 0 0.077244 0.04858 0 0 0.045425 0.044964 0.037867 0.03212 0.032025 0.030958 0.028596 0.023958 0.021395 0.017593 0.016696 0.0166 0.013914 0.01334 0.012394 0.010781 0.01065 0.010386 0.0094605 0.009332 0.0092535 0.0090702 0.0089244 0.008649 0.0074882 0.0066876 0.0062664 0.0051847 0 0.0049874 0.0040735 0 0.0031033 0.0024711 0 0.0024211 0.0013101 0.0011889 0.0010776 0 0.0002393 9.78e-05 5.19e-05 2.99e-05 6.4e-06 0
0 0.12529 0.061888 0.060109 0.059242 0 0.048981 0.045757 0 0 0.044785 0.040121 0.038386 0.03782 0.037456 0.035465 0.031426 0.029485 0.025111 0.02448 0 0.023611 0.023195 0.019628 0.019333 0.017781 0.017522 0.014092 0.012207 0.011371 0.010203 0.0095536 0.0088425 0.0084097 0.0077911 0.0076662 0.0070124 0.00683 0 0.0051482 0.0051004 0 0.0037643 0.0036937 0 0.0026404 0.0024795 0.0024244 0.0017752 0.0016509 0.0003293 6.34e-05 4.91e-05 2.79e-05 2.7e-06 0
0 0.10001 0.087072 0.076917 0.058416 0 0.057213 0.054026 0 0 0.044207 0.041006 0.035902 0.034276 0.029478 0.028963 0.028654 0.028141 0.026409 0.026201 0 0.024228 0.024089 0.020631 0.01663 0.015839 0.015449 0.014112 0.013191 0.012894 0.011739 0.011677 0.01068 0.00827 0.0079946 0.0062711 0.0052255 0 0 0.0038222 0.0038036 0 0.0035527 0 0 0.0032566 0.0024343 0.0023011 0.0021545 0.0012194 0.0009906 0.0004523 0.0001283 7.66e-05 2.8e-06 0
0 0.11435 0.075583 0.064162 0.056676 0 0.056318 0.054325 0 0 0.04606 0.039518 0.038508 0.036233 0.030185 0.027428 0.027314 0.023403 0.023383 0.021463 0 0.020778 0.0186 0.017813 0.016691 0.016473 0.015173 0.014562 0.014334 0.01404 0.013811 0.013057 0.012611 0.011708 0.011479 0.010369 0.0063033 0.0060043 0 0.0055121 0.005024 0 0.0045425 0.0044411 0.0037809 0.0025648 0.0020794 0.0012893 0.0012315 0.0003644 0.0002337 9.43e-05 5.63e-05 3.5e-05 2.87e-05 8.1e-06
0 0.097058 0.092413 0.06478 0.056456 0 0.05547 0.051255 0 0 0.039762 0.039478 0.035008 0.031024 0.030333 0.02877 0.027988 0.02697 0.026768 0.023716 0 0.021254 0.020042 0.019939 0.019595 0.019409 0.018621 0.018336 0.01768 0.014374 0.01083 0.010829 0.010683 0.010298 0.0099861 0.0091803 0.0081201 0.0080528 0.0067365 0.0050367 0.0028255 0 0.0025988 0.0025878 0 0.0021242 0.0013335 0.0013005 0.0005063 0.0002014 0.0001339 9.83e-05 2.99e-05 5.8e-06 1.9e-06 0
1 0.11821 0.094035 0.066377 0.056975 0 0.046078 0.044867 0 0 0.03577 0.034656 0.03231 0.030742 0.029435 0.027662 0.02685 0.024045 0.022412 0.022235 0 0.022171 0.019962 0.019706 0.019624 0.019384 0.018667 0.017751 0.017288 0.016821 0.015762 0.014762 0.014713 0.013419 0.011491 0.0076652 0.0074605 0.0072384 0 0.0053767 0.0035459 0 0.0031611 0.0026733 0 0.0025292 0.0021924 0 0.0014492 0 0.0013869 0.0006504 0.0004007 6.28e-05 2.88e-05 0
1 0.11554 0.088196 0.075361 0.047694 0 0.046083 0.045266 0 0 0.042397 0.040416 0.039726 0.03536 0.032845 0.029968 0.029394 0.027871 0.024812 0.02349 0 0.023121 0.02242 0.020687 0.018968 0.018907 0.016379 0.015839 0.013886 0.012278 0.011851 0.010843 0.0098169 0.0093387 0.0090122 0.0083043 0.0078052 0.0064226 0 0.0049515 0.0037528 0 0.0036277 0.0020584 0 0.0017683 0.0010797 0.0009568 0.0005911 0 0.0002364 0.0002357 0.0001887 0.0001477 7.11e-05 3.39e-05
0 0.0898 0.083875 0.079186 0.07311 0 0.06858 0.060548 0.051302 0 0.044016 0.036894 0.036098 0.028685 0 0.025477 0.025338 0.023596 0.021441 0.018295 0.01752 0.017319 0 0.016596 0.01477 0.014301 0.013583 0.013376 0.013181 0.013092 0.012679 0.012219 0.010945 0.0097351 0.0096393 0.0094542 0.0082508 0.0059767 0 0.0048046 0.0037745 0 0.0036566 0 0.003376 0.0021292 0.0015864 0.0011012 0.000346 0 0.0001501 0.0001233 4.55e-05 2.77e-05 2.9e-06 0
0 0.077941 0.074092 0.071341 0.057816 0 0.054314 0.051097 0 0 0.048822 0.046824 0.044021 0.038805 0.037222 0.037109 0.036485 0.035755 0.030214 0.029232 0.025064 0.021721 0.020627 0.018997 0.018478 0.014567 0.011503 0.010617 0.010612 0.009341 0.0087886 0.0087342 0.0085916 0.0080246 0.0076378 0.0056875 0.0041173 0.0039822 0 0 0.0035762 0 0.0026854 0.0017775 0 0.0012229 0.0011671 0.0005969 0.0004198 0 0.0002367 6.76e-05 0 6.13e-05 6.6e-06 0
0 0.10751 0.093364 0 0.088471 0 0.049486 0.040139 0 0 0.0373 0.037295 0.036999 0.036523 0.034431 0.034362 0.034261 0.033877 0.032173 0.023136 0 0.022804 0.020741 0.018731 0.018496 0.017402 0.017393 0.016953 0.016341 0.015869 0.013391 0.011964 0.011828 0.010293 0.0098723 0.0095737 0.0089398 0.0070932 0 0.0065189 0.0064747 0 0.0040791 0.0040088 0 0.0039743 0.0035945 0.0034131 0 0 0.0004566 0.0002442 0.0001037 9.37e-05 2.63e-05 0
1 0.20592 0.11636 0.09494 0.05106 0 0.05097 0.04662 0 0 0.046036 0.028798 0.026805 0.024696 0 0.023042 0.02123 0.021157 0.019293 0.019288 0 0.018381 0.016077 0.013935 0.012519 0.011251 0.011212 0.0099828 0.0092683 0.0091988 0.0090742 0.0089835 0.0085265 0.0084933 0.0084663 0.0075311 0.0070901 0.0061437 0 0.0051102 0.0047176 0 0.0047106 0.0033835 0 0.0024974 0.0023382 0.002096 0 0 0.0019752 0.0003472 0.0001841 0.0001801 0.0001099 0
0 0.11216 0.089158 0.050366 0.047354 0 0.04331 0.042961 0 0 0.041052 0.040557 0.039873 0.039645 0 0.03509 0.031387 0.030046 0.029807 0.027159 0 0.025014 0.024607 0.024512 0.023812 0.019862 0.01944 0.018517 0.017493 0.014516 0.014057 0.012487 0.011813 0.010759 0.009387 0.0090678 0.0086102 0.0074081 0 0.0070019 0.006021 0 0.0033583 0 0 0.0030235 0.0025859 0.0020982 0.0013274 0.0013027 0.0012406 0.0003637 0.0003462 3.27e-05 8.6e-06 0
0 0.10479 0.081359 0.079097 0.07642 0 0.059634 0.055039 0 0 0.054254 0.037901 0.037496 0.033952 0.029089 0.028207 0.027825 0 0.026556 0.024746 0 0.024726 0.022944 0.021516 0.02003 0.017638 0.016555 0.014348 0.014341 0.013379 0.010174 0.0094013 0.0076075 0.0069408 0.0068742 0.0059468 0.0054205 0.0051589 0 0.0038049 0.0032291 0 0.0031502 0.0028373 0.0026109 0.0025844 0.0012174 0.0007261 0.0001255 0 0.0001147 9.69e-05 7.44e-05 3.03e-05 2.98e-05 0
1 0.11321 0.084688 0.080125 0.054046 0 0.053374 0.04268 0 0 0.041689 0.041044 0.039032 0.038238 0.027427 0.026854 0.024455 0.022128 0.021177 0.020736 0 0.020438 0.01986 0.019595 0.019075 0.01877 0.018181 0.015083 0.014349 0.012641 0.012568 0.011764 0.011262 0.011073 0.010368 0.0091249 0.0071126 0.0070849 0 0.006553 0.0063939 0 0.0038123 0.0037548 0 0.0029275 0.0026516 0.0025826 0.0009703 0 0.00071 0.0001451 0.0001272 6.35e-05 4.86e-05 0
0 0.14957 0.12348 0.076717 0.04999 0 0.04597 0.041999 0 0 0 0.03645 0.035226 0.034207 0.031482 0.030294 0.030271 0.028277 0.025008 0.024954 0 0.024717 0.022395 0.022305 0.019937 0.019091 0.017788 0.014714 0.014311 0.011126 0.0091085 0.0082518 0.0082457 0.0068697 0.0061418 0.0050222 0.0040685 0 0 0.0039383 0.0038953 0 0.0035096 0 0.0027331 0.0026306 0 0.0020756 0.0016583 0 0.0006799 0.0005443 0.0002166 0.0001013 3.17e-05 0
0 0.10259 0.095744 0.087649 0.068126 0 0.042884 0.04195 0 0 0.041552 0.040727 0.036121 0.031177 0.029526 0.029237 0.023727 0.022207 0.022171 0.021701 0 0.021429 0.018194 0.016064 0.015782 0.013977 0.013672 0.013614 0.013559 0.013231 0.011091 0.010934 0.0097649 0.0095771 0.0095037 0.0094937 0.0094732 0.0091182 0 0.0090106 0.008537 0 0.0072477 0.0070083 0.0066827 0.0025696 0 0.001376 0.0013076 0 0.0002818 0.0001397 0.0001275 8.41e-05 6.55e-05 0
0 0.093199 0.092402 0 0.091953 0 0.084388 0.055095 0 0 0.045957 0.040846 0.038697 0.037029 0.034103 0.033806 0.031931 0.027784 0.027108 0.026368 0 0.024747 0.024136 0.023368 0.021546 0.018592 0.018339 0.012303 0.010846 0.010486 0.0097224 0.0090327 0.0073277 0.007209 0.005944 0.0053772 0.0039988 0.0037705 0 0.0037326 0.0035063 0 0.0034147 0.0029768 0 0.0025945 0.0024094 0.0011782 0.0011662 0 0.0007037 0.0003377 0.0002045 0.0001888 0.0001773 0
0 0.091988 0.084674 0.059865 0.054957 0 0.050399 0.047717 0.045267 0 0.039607 0.033217 0.032914 0.031768 0.031294 0.030401 0.030175 0.028288 0.025834 0.025382 0 0.025224 0.02389 0.021823 0.018751 0.018621 0.017738 0.017544 0.016978 0.012134 0.01077 0.010408 0.010064 0.0080121 0.006695 0.0065168 0.0064768 0.0044559 0 0.0044031 0.0030636 0 0.0027137 0.0025457 0 0.0021898 0.0020177 0.0012315 0.0011114 0.00042171 0.000149 0.0001218 0.0001071 6.6702e-05 5.9002e-06 0
0 0.11106 0.082751 0.070969 0.062835 0 0.053106 0.051435 0 0 0.049827 0.042197 0.039243 0.038902 0 0.036532 0.028336 0 0.027508 0.027095 0.026804 0.026332 0.021519 0.018943 0.018248 0.016528 0.015497 0.014923 0.014414 0.012137 0.01183 0.011184 0.010928 0.010553 0.0091626 0.0072276 0.0053038 0.0052237 0 0.0049769 0.0039711 0 0.0028245 0 0.0027731 0.0027057 0.0013386 0.0012671 0.0008375 0.00037 0.0003023 3.33e-05 3.01e-05 1.13e-05 3.2e-06 0
1 0.14055 0.10559 0.079392 0.066972 0 0.054161 0.047457 0 0 0.040426 0.036757 0.031049 0.026874 0.026338 0.026264 0.026166 0.02461 0.021761 0.020582 0.018459 0.017988 0.017076 0.014892 0.01392 0.01363 0.012146 0.011799 0.010917 0.010586 0.010307 0.0097326 0.0091326 0.00858 0.0080553 0.0078273 0.005995 0.004885 0 0.0047122 0.0046947 0 0.0024523 0.0024406 0.0020444 0.0011955 0.0009924 0.0001991 0.0001071 0 0.0001017 9.39e-05 5.79e-05 2.61e-05 2.8e-06 0
1 0.11222 0.10228 0.094861 0.051786 0 0.039986 0.038631 0.03828 0 0.036533 0.035638 0.03296 0.032198 0.032049 0.029772 0.024581 0.023591 0.018547 0.017381 0 0.017137 0.017054 0.015639 0.014163 0.013401 0.012518 0.012244 0.012134 0.012123 0.012081 0.011208 0.010356 0.01028 0.0094388 0.0091085 0.0082408 0.0070685 0 0.0062513 0.0055758 0 0.00539 0.0052659 0 0.0037677 0.0036767 0.0024227 0.0010554 0 0.0003761 0.0003204 0.0002413 0.0001046 6.35e-05 0
1 0.17717 0.12098 0.071585 0.065631 0 0.061285 0.043274 0 0 0.040894 0.030654 0.029519 0.027394 0.023312 0.023118 0.022761 0.022456 0.021734 0.019633 0 0.017802 0.016074 0.01541 0.014122 0.013956 0.01217 0.011673 0.011336 0.010058 0.010051 0.0078289 0.00763 0.006277 0.0062201 0.0058273 0.0050006 0 0 0.0045993 0.0040254 0 0.0037981 0.0036784 0 0.003629 0.0029253 0 0.0021913 0 0.0017653 0.0002502 0.0001882 5.8e-05 5.03e-05 0
0 0.15644 0.1052 0.073889 0.06573 0 0.052015 0.047232 0.038579 0 0.034265 0.03128 0.027645 0.02381 0.023365 0.022345 0.022248 0.021687 0.021574 0.019177 0 0.017728 0.017571 0.017121 0.016363 0.014693 0.012828 0.012406 0.01047 0.0094993 0.0093381 0.0091357 0.0083848 0.0082918 0.0082173 0.0081961 0.006553 0.005625 0 0.0047857 0.0036616 0 0.0028967 0.0025436 0 0.0025057 0 0.0019793 0.0013063 0 0.0009721 0.0001838 0.0001598 7.15e-05 2.77e-05 0
0 0.12082 0.086472 0.080502 0.056766 0 0.049746 0.046438 0 0 0.045187 0.037792 0.028997 0.028782 0 0.027044 0.024989 0.024737 0.023923 0.022401 0 0.021998 0.021941 0.021402 0.021289 0.021178 0.020284 0.016208 0.014683 0.014361 0.014172 0.013757 0.012677 0.01256 0.012521 0.0088208 0.0086228 0.0078599 0 0.0067354 0.0060392 0 0.0049889 0.0034327 0 0.0026656 0.0025124 0.001373 0.0011899 0 0.0010365 0.0004873 0.0003021 0.0001804 0.0001327 0
0 0.10531 0.094034 0.084794 0.06537 0 0.059114 0.054664 0 0 0.050768 0.047987 0.032178 0.031296 0.029731 0.028919 0.027441 0.025647 0.025391 0.021286 0.019556 0.019083 0.015994 0.015313 0.015211 0.01455 0.012766 0.012343 0.010733 0.010603 0.0098994 0.0077386 0.0076825 0.0059751 0.0054226 0.0051447 0.0050704 0.0049841 0 0.0048622 0.0037303 0 0.0033718 0.0025166 0 0.001283 0.0012203 0.000535 0.0001121 0 0.0001032 0.0001011 7.06e-05 6.34e-05 2.46e-05 3e-06
1 0.11227 0.093218 0.073099 0.051907 0 0.048783 0.043488 0 0 0.042945 0.042072 0.039776 0.031209 0.027441 0.025862 0.024322 0.024071 0.021933 0.020972 0.020544 0.019909 0.019111 0.017679 0.016156 0.015125 0.014842 0.014446 0.01402 0.012235 0.011517 0.010411 0.0098432 0.0096364 0.0090908 0.0090222 0.009011 0.008045 0 0.0075292 0.0064039 0 0.0057388 0 0.0052374 0.00373 0.0032687 0.0025678 0.0008744 0 0.0002428 0.0002306 0.0001307 2.99e-05 6.1e-06 0
0 0.12167 0.083498 0.067377 0.065288 0 0.049099 0.04589 0 0 0.037179 0.035139 0.033272 0.033225 0.031795 0.030316 0.028617 0.026947 0.025931 0.025454 0 0.02519 0.024235 0.021834 0.019839 0.018163 0.01441 0.013696 0.011791 0.011714 0.011665 0.010395 0.010216 0.0099313 0.0087217 0.0076842 0.0069415 0.0057126 0 0.005195 0.0051542 0 0.0049192 0.0038269 0 0.0036263 0.0015574 0.0012277 0.0010399 0 0.0003148 0.0001658 0 0.0001104 3.06e-05 0
0 0.11806 0.091035 0.07383 0.055285 0 0.046539 0.043177 0 0 0.0423 0.041281 0.040325 0.036978 0.033829 0.0326 0.027489 0 0.025512 0.025065 0 0.023126 0.02249 0.019001 0.018794 0.018016 0.017492 0.015935 0.015109 0.014155 0.012969 0.011836 0.010619 0.009535 0.0082388 0.00816 0.0079478 0.0065135 0 0.0051804 0.0051133 0 0.0045481 0.0025751 0 0.0025585 0.0022615 0.0014502 0.0012512 0.0011522 0.0003773 0.000159 9.91e-05 3.04e-05 2.9e-06 0
0 0.11143 0.077222 0.074205 0.068192 0 0.063259 0.038215 0 0 0.034649 0.032299 0.031835 0.028215 0.02712 0.025247 0.024913 0.024023 0.023523 0.022813 0.021948 0.018882 0.016742 0.016533 0.016425 0.016363 0.016305 0.016198 0.015721 0.01524 0.015104 0 0.014033 0.013721 0.012766 0.010385 0.010269 0.0089195 0 0.0088365 0.0088346 0 0.0062351 0.0038768 0 0.0033558 0.0028226 0.0015944 0.0010327 0.0003927 0.0001602 8.82e-05 2.56e-05 2.15e-05 5.7e-06 0
1 0.10968 0.10114 0.061269 0.056952 0 0.051044 0.050513 0 0 0.037214 0.035707 0.032837 0.030451 0.029141 0.027534 0.02735 0.026384 0.023753 0.023493 0 0.022048 0.021646 0.021602 0.020744 0.019459 0.019434 0.0175 0.016988 0.016691 0.013964 0.012676 0.011786 0.011531 0.0088538 0.007313 0.0059834 0.0054053 0 0.0052518 0.0045606 0 0.0035476 0.0032864 0 0.0013641 0.0012334 0.0011338 0.0010979 0 0 0.0001877 0 0.0001479 0.0001031 0
1 0.19894 0.072296 0.057497 0.045113 0 0.040705 0.039188 0 0 0.033713 0.033604 0.03093 0.030128 0.029608 0.028833 0.027065 0.026967 0.025647 0.025536 0 0.023946 0.019316 0.01812 0.018001 0.017653 0.016532 0.013793 0.013394 0.013109 0.012 0.011516 0.01144 0.010295 0.010102 0.0073389 0.0065574 0.0064285 0 0.0060828 0.0049924 0 0.0045007 0.0038445 0 0.002132 0.0011626 0.0007277 0 0 0.000511 0.000421 0.0002261 6.27e-05 2.86e-05 0
1 0.10623 0.10173 0.064509 0.061935 0 0.056357 0.047311 0 0 0.045721 0.036656 0.036307 0.036008 0.030549 0.026415 0.024979 0.024506 0.023299 0.022032 0.021687 0.020765 0.020341 0.020193 0.017373 0.017007 0.016123 0.015327 0.014882 0.011456 0.010792 0.0098185 0.0097422 0.0084347 0.0070207 0.0063545 0.0062176 0 0 0.0061233 0.0049361 0 0.0036606 0 0 0.0026669 0.002405 0.0017618 0 0 0.0002145 0.0001183 0 3.2e-05 3.1e-06 0
0 0.1402 0.078824 0.075864 0.06583 0 0.056437 0.053238 0 0 0.039231 0.034112 0.032468 0.032172 0.031671 0.030955 0.027912 0 0.027728 0.022947 0 0.022534 0.021745 0.020896 0.017109 0.015049 0.014146 0.013409 0.012897 0.01279 0.010427 0.0092869 0.0091226 0.0089643 0.008781 0.0078704 0.0073706 0.00681 0 0.0053313 0.0053001 0 0.0052938 0.0052269 0.0051883 0.0028845 0 0.0011576 0.0002948 0 0.0001628 0.0001303 0.0001176 6.09e-05 6.01e-05 0
1 0.084645 0.084034 0.080762 0.074997 0 0.068857 0.062151 0 0 0 0.050708 0.034824 0.030835 0 0.030388 0.029438 0.029027 0.028695 0.027877 0.026266 0.025882 0.023418 0.020478 0.019475 0.018134 0.016789 0.013729 0.01225 0.012094 0.011695 0.011403 0.010176 0.0090458 0.0065234 0.0064643 0.0060686 0 0 0.0060343 0.0058903 0 0.0056929 0.0038063 0 0.0037411 0.0034166 0.0026486 0.0012835 0 0.0002055 6.31e-05 5.52e-05 2.43e-05 1.19e-05 0
0 0.12439 0.077825 0.068927 0.067556 0 0.064517 0.045438 0 0 0.040841 0.040134 0.0304 0.029725 0.029407 0.029051 0.027201 0.025988 0.0215 0.021441 0.019958 0.01874 0.018537 0.018444 0.018389 0.018082 0.01715 0.012979 0.01229 0.011552 0.011179 0.010464 0.0088614 0.0083682 0.0076149 0.0072895 0.0061289 0.0056146 0 0.0055863 0.0051743 0 0.0051712 0 0 0.0026349 0 0.0023321 0.001838 0 0.0005607 0.000469 0.0001278 0.0001019 2.47e-05 0
1 0.12447 0.10814 0 0.08342 0.060074 0.058506 0.054427 0 0 0.053248 0.041116 0.034282 0.031837 0.030682 0.02671 0.026338 0.025777 0.023885 0.019156 0 0.019089 0.01626 0.014925 0.013416 0.011168 0.010713 0.010339 0.010214 0.0087368 0.0080211 0.007756 0.0075103 0.0075001 0.0066471 0.0064069 0.0063226 0.0060679 0 0.0058679 0.0049918 0 0.0042584 0.0041472 0 0.0027917 0.0022936 0.0010746 0.0003362 0 0.0003348 0.000226 0.0001913 0.0001739 0.0001551 0
0 0.10764 0.082547 0.076825 0 0 0.07421 0.07139 0 0 0.058043 0.041146 0.036264 0.034414 0.030565 0.030362 0.029236 0.026816 0.02464 0.023855 0.022345 0.021774 0.021272 0.017398 0.016801 0.015832 0.015747 0.013579 0.010725 0.01031 0.009812 0.0078339 0.0076786 0.0073571 0.0073156 0.0071374 0.006258 0.0057371 0 0.0050425 0.0047755 0 0.0043627 0.0037553 0 0.0032813 0.002857 0.0011318 0.0009839 0 0.0005292 0.0002274 0.0001579 2.87e-05 3.1e-06 0
1 0.1471 0.085944 0.073601 0.066868 0 0.050718 0.040015 0 0 0.038196 0.03725 0.035104 0.032591 0.032395 0.032317 0.031848 0.028004 0.023449 0.019995 0 0.018565 0.017171 0.015866 0.015309 0.015164 0.014677 0.013352 0.012026 0.011617 0.011523 0.0089688 0.0070098 0.0068891 0.0067476 0.0061707 0.0061459 0.0061092 0 0.0060271 0.0060265 0 0.0046458 0.0037694 0 0.0025143 0.0024566 0.0019858 0.0016702 0 0.0010584 0.0004978 0.0004975 0.0001126 3.09e-05 0
0 0.15622 0.092416 0.066722 0.048987 0 0.047256 0.042033 0 0 0.037367 0.034931 0.034078 0.033265 0.03093 0.027957 0.027584 0.026734 0.024857 0.02426 0 0.024072 0.024004 0.021236 0.01995 0.019139 0.018949 0.016437 0.013158 0.013063 0.011814 0.0097162 0.0079115 0.0065487 0.0053091 0.0050803 0.0040991 0.0040609 0 0.0040111 0.0039435 0 0.0026341 0 0.0025723 0.0025526 0.002545 0 0 0 0.0010265 0.0003581 0.0001097 6.66e-05 2.83e-05 0
0 0.085422 0.080627 0.066101 0.054928 0 0.052765 0.048549 0 0 0.047996 0.045323 0.039506 0.037612 0 0.033091 0.028482 0.02816 0.027099 0.027001 0 0.023405 0.022442 0.020843 0.019851 0.019318 0.018255 0.017722 0.01557 0.013403 0.013141 0.011678 0.0114 0.011182 0.010917 0.0087169 0.0084408 0.0080408 0 0.0077922 0.0067812 0 0.0052001 0.0051758 0.0040379 0.0039963 0.0038346 0.0031534 0.0024474 0.000212 0.0001453 9.81e-05 8.88e-05 2.88e-05 1.67e-05 0
1 0.15561 0.11562 0 0.10635 0.055574 0.051702 0.040713 0 0 0.035877 0.032912 0.032626 0.025747 0.025519 0.023493 0.022975 0.021807 0.021027 0.019347 0 0.019114 0.018476 0.016798 0.016484 0.015661 0.014426 0.013088 0.012296 0.012205 0.011562 0.010889 0.0093962 0.0064588 0.0064064 0.0057419 0.0052678 0 0 0.0040543 0.0027124 0 0.0025697 0.002564 0 0.002399 0.0017003 0.0012412 0.0005723 0 0.0003333 0.0003279 0.0001362 0.0001262 9.32e-05 0
1 0.14029 0.12644 0.065483 0.058249 0 0 0.056431 0.048027 0 0.047593 0.03855 0.037336 0.030821 0.02981 0.027983 0.023611 0.022551 0.022209 0.022058 0 0.020555 0.018245 0.015354 0.015124 0.013306 0.012392 0.011837 0.010365 0.0089904 0.0085905 0.0082466 0.0070511 0.0069103 0.0065845 0.0064212 0.0061171 0 0 0.004903 0.0046532 0 0.003868 0.0037978 0 0.0035001 0.0034671 0 0.0012327 0 0.0006193 0.0002016 0 0.0001258 6.36e-05 3.63e-05
0 0.084468 0.075437 0.068507 0.059613 0 0.05831 0.054221 0 0 0.049043 0.042548 0.04093 0.036921 0.03244 0.027842 0.027321 0.025925 0.025392 0.024764 0 0.023215 0.020469 0.020372 0.017267 0.016617 0.016177 0.01596 0.015062 0.01482 0.013224 0.012806 0.010253 0.010082 0.0086468 0.0086247 0.0076721 0.0070417 0 0.0058357 0.0049489 0 0.004231 0.0041525 0 0.0025181 0.0023371 0.0013172 0.0008444 0 0.0006124 0.000435 0.0003655 0.0002431 0.0001663 0
1 0.12638 0.11167 0.10915 0.060529 0 0.049474 0.048335 0 0 0.04095 0.036257 0.033592 0.02927 0.027532 0.026823 0.026562 0.026368 0.018764 0.017996 0 0.016974 0.016604 0.014834 0.014725 0.012226 0.011906 0.010947 0.010822 0.010266 0.0099991 0.0096049 0.0091113 0.0082315 0.0071458 0.0071324 0.0060983 0.0060214 0 0.0059136 0.0057439 0 0.0054958 0 0 0.0036161 0.0030436 0.001301 0.0011809 0 0.0010699 0.0001443 7.76e-05 6.13e-05 4.92e-05 0
1 0.12932 0.087278 0.086302 0.085759 0 0.05425 0.043996 0 0 0.041111 0.032945 0.030439 0.029729 0.028201 0.02801 0.025219 0.025039 0.023669 0.022415 0 0.020703 0.020475 0.019216 0.0187 0.018211 0.01632 0.016309 0.014214 0.010615 0.009225 0 0.0077779 0.0077191 0.0075641 0.0066377 0.0064587 0.0059831 0 0.0041052 0.0040116 0 0.0040006 0 0 0.0023747 0.0018614 0.0012359 0.0012267 0 0.001042 0.0001317 0 0.0001312 6.98e-05 0
0 0.11271 0.093099 0.077042 0.067783 0 0.05263 0.047338 0 0 0.043996 0.042607 0.041371 0.039219 0.034648 0.032297 0.032266 0.029482 0.029293 0.02238 0 0.016165 0.014379 0.013637 0.013594 0.013587 0.01289 0.0090881 0.0089698 0.0083708 0.0081296 0.0080808 0.0079282 0.0068791 0.0068234 0.0066883 0.0061022 0.0053991 0 0.0053972 0.0052176 0 0.0046861 0.0044773 0.0039776 0.0038945 0.0030722 0.002292 0.0010843 0.0005339 0.0002276 0.0001651 6.01e-05 3.09e-05 5.9e-06 0
0 0.09824 0.092825 0.085445 0.056313 0 0.055 0.04982 0 0 0.04801 0.04348 0.043207 0.037558 0.027696 0.026029 0.024943 0 0.02484 0.023842 0.023823 0.02184 0.021506 0.019596 0.01771 0.015426 0.014071 0.013395 0.012961 0.01272 0.012679 0.012637 0.0098884 0.0089322 0.0089254 0.0071092 0.0064158 0.0064048 0 0.0049547 0.0025224 0 0.0024039 0.0021906 0.0020972 0.0012054 0.0007291 0.0001904 0.00012 0 0.0001136 8.57e-05 6.25e-05 2.88e-05 6.1e-06 0
0 0.13135 0.093858 0.06397 0.0563 0 0.053942 0.04331 0 0 0.03912 0.038717 0.031434 0.028668 0.02858 0.028447 0.025292 0.023366 0.022414 0.022132 0 0.01992 0.019773 0.01969 0.018718 0.018111 0.016007 0.014115 0.013836 0.01235 0.011977 0.011911 0.011849 0.011746 0.0098902 0.0092172 0.0089988 0.0079578 0 0.0069457 0.0068307 0 0.0067405 0 0 0.0051022 0 0.0041211 0.0018309 0.0007266 0.000331 0.0001414 0.0001231 0.0001129 2.19e-05 0
0 0.14459 0.094411 0 0.074828 0 0.060987 0.057898 0 0 0 0.051859 0.050995 0.039589 0.037521 0.035951 0.034336 0.032368 0.03204 0.025991 0 0.024143 0.021292 0.017265 0.017251 0.016079 0.015723 0.015552 0.013414 0.011448 0.0095098 0.0090904 0.0077586 0.0066456 0.0057256 0.0055995 0.0051373 0.0050335 0 0.0049218 0.0037849 0 0.0026481 0.0025968 0 0.0014459 0.0012367 0.0011927 0.0007597 0 0.0005135 0.0004527 0.000318 3.66e-05 3.2e-05 2.9e-05
1 0.13076 0.088607 0.074891 0.053921 0 0.051389 0.045469 0 0 0.04219 0.04175 0.040954 0.038829 0 0.031961 0.030952 0.030606 0.026433 0.025609 0.021899 0.021687 0.019383 0.018899 0.01795 0.017741 0.016133 0.015345 0.015341 0.015211 0.0095164 0.0086289 0.0085035 0.0076239 0.0061411 0 0.0061319 0.0051791 0 0.0036969 0.0030995 0 0.0023361 0.0014832 0 0.001349 0.0011352 0.0006184 0.0002629 0 0.0001382 0.0001281 8.85e-05 2.45e-05 3.1e-06 0
1 0.20183 0.092796 0.068681 0.052551 0 0.043566 0.04319 0 0 0.039118 0.036169 0.033532 0.031724 0.029873 0.025374 0.024876 0.024686 0.021766 0.021749 0 0.021006 0.015032 0.014716 0.014655 0.014413 0.013426 0.013026 0.012384 0.011139 0.0086841 0.0086149 0.0075639 0.0063983 0.0060443 0.0060008 0.0059509 0.0053617 0 0.004862 0.0038148 0 0.0035324 0.0034442 0 0.0026438 0.0025301 0.0024898 0.0004604 0 8.35e-05 6.38e-05 6.22e-05 5.67e-05 3.57e-05 2.39e-05
1 0.13998 0.11778 0.066288 0.055661 0 0.050197 0.048798 0 0 0.04747 0.033627 0.033228 0.031503 0.027695 0.025341 0.02459 0.024404 0.023659 0.021014 0 0.020008 0.018126 0.017886 0.017414 0.017224 0.013328 0.012289 0.011403 0.010898 0.010463 0.0093917 0.0092768 0.0091583 0.0075849 0.0067442 0.0066056 0.0064843 0 0.0038857 0.003858 0 0.0038002 0.0036714 0.0031816 0.002655 0.0019522 0.0007048 0.0003156 0 0.0001719 9.69e-05 6.06e-05 6.03e-05 3.71e-05 2.47e-05
1 0.096102 0.083908 0.071 0.068694 0 0.057183 0.042161 0 0 0.039955 0.038807 0.037122 0.034612 0.029943 0.028657 0.027705 0.02688 0.025087 0.024091 0 0.02379 0.022806 0.018153 0.016137 0.014153 0.01387 0.013203 0.01291 0.012533 0.012514 0.01116 0.011136 0.010563 0.010478 0.0099107 0.0092927 0.0089987 0 0.0066452 0.0055976 0 0.0053433 0.0051196 0 0.0050241 0.0037918 0.0021209 0.0015678 0 0.0006432 0.0003723 0.0001196 0.0001111 2.65e-05 0
