1 0.12959 0.094718 0.078536 0.075156 0 0.065031 0 0 0.064602 0.063911 0.048801 0.045828 0 0.036615 0.034564 0.028923 0.028539 0.023203 0.022185 0.019456 0.01824 0 0.014945 0.014586 0.013973 0.013131 0.012214 0 0 0.0097375 0.0091756 0.0063324 0.0060246 0 0.0058336 0.0043174 0.0028555 0.0024585 0 0 0.0021665 0.0010727 0 0 0 0.0010134 0.0010016 0.0009056 0.0002108 0.0001466 0
1 0.16566 0.12759 0 0.10441 0 0 0.09138 0 0.083409 0.06504 0.060831 0.03575 0 0.023628 0.022589 0 0 0.022125 0.021394 0 0.020421 0 0.016939 0.014784 0.01353 0.01343 0.011535 0.011143 0.010546 0.0089919 0.0068485 0.0068388 0.0062812 0.0055829 0.0055827 0.0052309 0.0044135 0.0038596 0 0 0.0030515 0.0021546 0.001522 0.0009581 0 0 0.0008909 0 0.0008449 0.0008129 0
0 0.086303 0.084744 0.071619 0 0 0.070374 0.066763 0 0 0.056813 0.055866 0.050867 0.044716 0.040539 0.036908 0 0.036251 0.032961 0.032795 0 0.0306 0.028321 0.026031 0.017039 0.0148 0.013461 0.012691 0.012295 0.010549 0.0090244 0.0089245 0.0087005 0.0079123 0.0059332 0.0048709 0 0.0039436 0.0036668 0 0 0.003551 0.0032326 0.0018633 0.0017549 0 0.0012773 0.0011827 0 0.0007443 0.0001118 0
1 0.17495 0.15224 0 0.10483 0 0.09074 0 0 0.066407 0.037589 0.036224 0.031181 0.025515 0.024709 0.024227 0.023698 0 0 0 0 0.023169 0 0.022037 0.020372 0.019912 0.017528 0.015534 0.014188 0 0.011791 0.010877 0.0098961 0.0063363 0.0060842 0 0.0057698 0.0054938 0.0053715 0 0 0.0041894 0.0040553 0.0022224 0 0 0.0009361 0.0007913 0 0.0007647 0.0003786 0
1 0.14188 0.10591 0.099562 0.080884 0 0.055269 0.050999 0 0.049347 0.044591 0.03758 0.034996 0 0.028656 0.0285 0 0.026975 0.026618 0.025104 0 0 0.022481 0.022317 0.019838 0.017427 0.01389 0.013152 0.0085886 0.0084862 0.0070612 0.0067577 0 0.0048356 0 0 0.0048315 0.0044498 0.0026546 0 0 0.0021667 0.0009753 0 0 0 0.0009454 0.0009361 0 0.0009298 0.0004126 0
0 0.096534 0.079957 0.070298 0 0 0.055492 0.054802 0 0.050495 0.046186 0.044564 0.043018 0 0.041951 0.035583 0.034624 0.031045 0.030926 0.030818 0 0.024248 0.02339 0.022586 0.018241 0.015714 0.015294 0.014866 0.013153 0.013001 0.012013 0.01147 0.010939 0.010752 0.010269 0.008637 0.0057982 0.0054379 0.0042992 0 0 0.0039742 0 0 0.0025478 0 0.0023536 0.0022678 0 0.002107 0.0003505 0
0 0.14013 0.10364 0 0.080465 0 0.067801 0 0 0 0.064325 0.058952 0.052719 0 0.03854 0 0.030953 0.029518 0.02816 0.02768 0 0.026868 0.025034 0.024422 0 0.02264 0.022537 0.020008 0.019602 0.019013 0.016882 0.01441 0.013317 0.012712 0.0091228 0.0076885 0.0040131 0.0039999 0.0035409 0 0 0.0031153 0.0024155 0.0022739 0.0010465 0 0 0.0009715 0 0.0009416 0.0005457 0
1 0.14038 0.097814 0.08137 0.063629 0 0.058887 0.058541 0 0 0.056954 0.054747 0.042118 0 0.038261 0.037901 0 0.029557 0.024107 0.023044 0 0 0 0.022206 0.017436 0.017026 0.015686 0.014701 0.014382 0.012831 0.012229 0.011927 0.0098147 0 0.0079507 0.0076805 0.0052174 0.0047047 0.004271 0 0 0.0033115 0.0030545 0.0028683 0.0026184 0 0.0008829 0.0008816 0 0.0008205 0.0001913 0
1 0.1308 0.085279 0.080077 0.076558 0 0.074414 0.073281 0.063527 0 0.057237 0.056263 0.054352 0.053315 0.027333 0.026762 0.022421 0.018031 0.016616 0.014366 0.011629 0.0088075 0 0.0079112 0 0.0046423 0.0042996 0 0.0042036 0.0040666 0.0033446 0.0032315 0 0.0032211 0.0023946 0 0.0021276 0.0020731 0.0019442 0 0 0.0018693 0.0012139 0 0 0 0.0010742 0.000977 0 0.0001919 0.0001428 0
1 0.1499 0.077201 0.072434 0.06394 0 0.062264 0.059093 0 0.054699 0.052208 0.047752 0.041594 0.035678 0.029508 0.028262 0.024928 0 0.02116 0.018773 0 0.018491 0.017638 0.01604 0.014697 0.014025 0.012773 0.011568 0.010763 0 0.0088685 0 0.0084597 0.0061648 0.0047851 0.0041661 0.0024303 0.0024017 0.0020473 0 0 0.0018947 0.0008589 0 0 0 0.0007948 0.0007798 0 0.0006451 0.0003129 0
0 0.11488 0 0.073695 0.073643 0 0.068297 0.06775 0 0.062671 0.054031 0.049666 0.046539 0 0 0 0.045344 0.042352 0.032615 0.029618 0 0.026096 0.024853 0.02247 0.018114 0 0.016847 0.016804 0.016768 0.012639 0 0.011465 0.009853 0.008409 0.008379 0.0079034 0.0076173 0.0066416 0.0064661 0 0 0.0063755 0.0046078 0.0023608 0 0 0.0021597 0.0009734 0 0.0008932 0.0002055 0
1 0.24055 0.071766 0.068913 0.058526 0 0.054226 0.049689 0 0.045503 0.037272 0.034868 0.033899 0.032208 0.027729 0 0.027134 0.024023 0.020507 0.019455 0 0 0 0.017794 0.01657 0.016032 0.01413 0.013396 0.011686 0 0.010792 0.0088508 0.0083032 0.0067039 0.0055778 0 0.0055386 0.0042385 0.0035264 0 0 0.003496 0.0029668 0 0 0 0.0019181 0.0010521 0 0.0010439 0.0001167 0
1 0.19297 0.13424 0 0.10801 0 0 0 0 0.048738 0.043977 0.042645 0.039668 0.036968 0.032441 0.031684 0.03126 0.030439 0.030158 0.022353 0 0.021987 0.019242 0.018562 0.016363 0.013735 0.013295 0.012781 0.011981 0 0 0.0080547 0.0075664 0.0059338 0.0044281 0.0043316 0 0.0032867 0.0032205 0 0 0.0023665 0 0 0.0022026 0 0.0019349 0.0015288 0.0008378 0.000808 0 0
0 0.18316 0.073226 0 0 0 0.064219 0.064168 0 0.045619 0.045176 0.045148 0.039031 0 0 0.038561 0.03644 0.029243 0.028307 0.026778 0 0.024157 0.023589 0.020548 0.020456 0.018388 0.018249 0.017716 0.016614 0.016323 0 0.013906 0.01243 0.012102 0.0117 0 0.010507 0.0077886 0.0070346 0.0064564 0 0.0059968 0.0051656 0.0039719 0.0037222 0 0 0.003557 0 0.0003942 0.0001536 0
1 0.24392 0.092854 0.090207 0.08592 0 0.084311 0 0 0.061196 0.049076 0.046814 0.035711 0 0.023278 0.022016 0.019617 0.016851 0.014019 0.013107 0 0.011943 0 0.0096424 0.00948 0.0091546 0.0088474 0.0082859 0.0067078 0.0062508 0.0049942 0.0042171 0.004207 0.0034646 0.0022593 0.0021112 0.0020031 0.0018676 0.0012991 0.0011264 0 0.0010716 0.0007847 0 0.0007737 0 0.0004081 0 0 0.0001982 0 0
0 0.12309 0.096403 0.067344 0 0 0.066213 0.06581 0 0 0.055907 0 0.053406 0 0.050668 0 0.046996 0.044322 0.033078 0.0324 0 0.030336 0.023259 0.021449 0.020588 0.016709 0.016548 0.015935 0.014109 0.013116 0.012524 0.011467 0.010347 0.009743 0 0.0097168 0 0.0096468 0.0093171 0 0 0.0064076 0.003272 0.0031815 0.0023193 0 0.0017459 0.0012004 0 0.0009509 0.0004759 0
0 0.1345 0 0.10833 0.10175 0 0.059797 0.052539 0 0.049202 0.045334 0.044225 0.042605 0 0.037164 0.032503 0.028238 0.025996 0.02424 0.021062 0 0.019765 0.019701 0.019261 0.018848 0.018564 0.015412 0.014238 0.0096228 0.0070481 0 0.0064803 0.0064292 0.0056417 0.0048476 0.0043756 0 0.0042667 0.0034803 0 0 0.0033991 0 0.0032475 0.002466 0 0.0018484 0.0010816 0.0010324 0.0009028 0.0005559 0
1 0.18256 0.14594 0.1396 0.08681 0 0 0.056442 0 0 0.043008 0 0.041644 0 0.035638 0.032857 0 0.032522 0.030628 0.027341 0 0.022621 0 0.022265 0 0.020472 0.017624 0.012682 0.012094 0 0.007538 0.0053448 0.0040551 0.0037492 0.0036519 0.0030161 0.002891 0.0020049 0.0010835 0 0 0.0010011 0.000883 0 0 0 0 0.0008228 0.000764 0.0003118 0.0001336 0
1 0.22181 0.16114 0.091396 0 0 0.078199 0.070597 0 0.048164 0.042536 0 0.035516 0.034768 0.029703 0.02714 0.023888 0.017942 0.017315 0.01313 0 0.010505 0 0.009106 0 0.0090456 0.0088511 0.008793 0.0081583 0 0.005736 0.0047571 0.0043957 0.0040957 0.0027681 0 0 0.0025979 0.0022637 0 0 0.0013745 0 0.0012275 0.0012155 0 0.0009813 0 0.0005553 0.0001956 0.0001326 0
1 0.13977 0.073378 0.068882 0.068049 0 0.065871 0.065114 0 0 0.057727 0.055227 0.053441 0.048696 0.036112 0.032066 0.030637 0.026991 0.026961 0.024293 0 0.019158 0 0.018294 0 0 0.0175 0.012221 0.011774 0.010458 0.0097716 0.0051728 0 0.0047997 0.0043766 0 0.0034685 0.002791 0.0022553 0 0 0.0016352 0 0 0 0 0 0.0014467 0 0.0010303 0.0006361 0
1 0.10967 0.10068 0.071867 0.068808 0 0.06503 0 0 0.056515 0.046824 0.036967 0.03642 0 0.035279 0 0.033462 0.030223 0 0 0 0.028939 0 0.02883 0 0 0.025384 0.024684 0.024106 0.022543 0.021591 0.021084 0.019851 0.017226 0.017074 0 0.016419 0.015881 0.0065554 0.0049789 0 0.0046986 0.0034801 0 0 0 0 0.0034357 0 0.0011895 0.0003079 0
0 0.10553 0.086472 0.07539 0.073355 0 0.068721 0.065298 0 0 0.064283 0.055161 0.049111 0 0.037432 0 0 0.037148 0.029629 0.025237 0 0.024114 0.023149 0.02011 0.016892 0.016453 0.016114 0.016034 0.013876 0.011163 0.010337 0 0.0095601 0.0078687 0.0067103 0.0063819 0.0061842 0.0056883 0.003774 0 0 0.0036049 0.0028223 0.0022008 0.0017054 0 0 0.0011893 0 0.0010869 0.0002191 0
1 0.16668 0.14137 0 0 0 0.099375 0.080749 0 0.075236 0.066731 0.065076 0.0423 0 0.026275 0.025385 0.024662 0.022788 0.019539 0.017875 0 0.017566 0 0.014188 0.01389 0.012732 0.011156 0.010649 0.0061654 0.0058224 0 0.0042316 0.0041162 0.0039384 0.0036954 0 0.0031837 0.0025258 0.0024016 0 0 0.0019081 0.0018963 0.0017345 0 0 0.0012092 0.0009845 0.0009839 0.0007124 0.0002682 0
1 0.18425 0.13461 0.06208 0.054611 0 0.050657 0.05059 0 0 0.040711 0 0.040006 0.037552 0.035148 0.031515 0.029847 0.025382 0.024217 0.020268 0.01876 0.016136 0.015851 0.015758 0.013846 0.012448 0.012241 0.011116 0.010063 0.0090135 0.0088258 0.0074486 0.0064587 0.0057063 0.0041735 0 0.0031676 0.0022211 0.0011551 0 0 0.0010971 0.0009708 0 0 0 0.0009063 0.000783 0.0001673 0.0001284 0.0001123 0
1 0.2185 0.1116 0.076833 0 0 0.064183 0 0 0.061395 0.055272 0 0.040674 0.03953 0.033238 0.031479 0 0 0.029072 0.027644 0 0.027281 0 0.019325 0.018547 0.017755 0.014319 0.013365 0.011451 0 0.010999 0.010733 0.010369 0.010146 0.0098556 0 0.0096847 0.0077956 0.0073676 0 0 0.0055565 0.0036658 0 0 0 0 0.0011621 0 0.0008088 0.0003893 0
1 0.20208 0.16205 0.12088 0.11317 0 0.041527 0 0 0.041047 0.040662 0.033691 0 0.033274 0.027273 0.026751 0 0.023219 0.016718 0.015868 0.015126 0 0 0.013092 0 0.011201 0.0090701 0.0067646 0.0055468 0.0054513 0.0053878 0.0050648 0 0.0047342 0.0032942 0 0.0029647 0.00287 0.0024766 0.0019209 0 0.001549 0.0010495 0.0010448 0.0009019 0 0.0008769 0.0006188 0.0004077 0.0002318 0.0001391 0
1 0.14204 0.13319 0.11131 0.072326 0 0.0662 0.044157 0 0.043542 0 0.039442 0 0 0.037455 0.034549 0 0.034374 0.03256 0.030511 0 0 0 0.028232 0 0.02459 0.023534 0.023063 0.019741 0 0.011412 0.0084551 0.0068155 0.0063671 0.0062405 0 0.0051536 0.004237 0.0026051 0.00227 0 0.0021593 0.0020295 0 0 0 0 0.0008998 0 0.0004276 0.0001078 0
0 0.15351 0.1206 0.070776 0.057945 0 0.055703 0.055427 0 0 0.051838 0 0.04912 0 0.046241 0.045897 0.038313 0.027963 0.026274 0.026086 0.023613 0.02339 0 0.021606 0.019488 0.018317 0.01381 0.010121 0.0086058 0.0076863 0.0054131 0.0050088 0.0042213 0.0028297 0.0024647 0.0020289 0.0011535 0.0011046 0.0010404 0 0.0010172 0.0006915 0 0 0 0 0 0.0003777 0 0.0001653 0.0001498 0
1 0.15029 0.12902 0.091277 0.079621 0 0.050217 0.048416 0.047672 0.045072 0.044646 0 0.037843 0.035635 0.027201 0.025014 0 0 0.024951 0.022955 0 0.016501 0 0.015781 0 0.015633 0.013912 0.013679 0.013416 0 0.0088009 0.0081105 0.0073955 0.0067431 0.0058034 0.0036302 0 0.0027571 0.0017128 0 0 0.0010283 0.0010219 0.0009774 0.000935 0 0.0008626 0.0008113 0 0.0003807 0.0002837 0
0 0.14629 0.12618 0.094888 0 0 0.088251 0.070271 0 0.051846 0.041385 0.039971 0.039279 0 0.027575 0.026774 0.020766 0.01972 0.019663 0.01656 0 0.015048 0.014777 0.013882 0.010825 0.010346 0.010262 0.008882 0 0.0081812 0.0077192 0.0074637 0.0072678 0.0071457 0.0069901 0.0069277 0.0066995 0.0064824 0.0057984 0 0 0.005326 0.0047855 0.0021628 0.0009801 0 0.0009697 0.0008455 0.00043 0.0002617 0.0001288 0
1 0.11921 0.10634 0 0.069039 0 0.064245 0.061662 0.06122 0.059295 0.057691 0.052387 0.050313 0 0.045762 0.035357 0.028298 0.023327 0.017734 0.016935 0 0.016138 0.01375 0 0.013229 0.012426 0.012068 0.010164 0.0094582 0.0077895 0.0075823 0.0068567 0.0053118 0.0031896 0.002371 0.0022888 0 0.0021894 0.0020653 0 0 0.0013377 0.0012716 0 0 0 0 0 0 0.0009369 0.000761 0
0 0.11507 0.090012 0.08487 0.072834 0 0.070494 0.062174 0 0.059751 0.043465 0.034067 0.033749 0 0.029192 0.029138 0 0.027012 0.026943 0.02606 0 0.024361 0.024055 0.023406 0.021292 0.017731 0.015937 0.015345 0.011309 0.006751 0 0.0050781 0.0047103 0.0047041 0.0039009 0 0 0.0036383 0.0035347 0 0 0.0032275 0.0021229 0.0009225 0.0008584 0 0 0.0008514 0 0.0008317 0.0006001 0
0 0.13365 0.079512 0.069041 0.068313 0 0.056212 0.052673 0 0 0.051155 0.047914 0.046499 0.044171 0 0.036968 0 0.02742 0.027339 0.027046 0 0.0261 0.025971 0.022546 0.01844 0.01824 0.017948 0.015837 0.015277 0.011349 0.009165 0.0090757 0.0087823 0.0086222 0.0084277 0.0059975 0.0044577 0.0019848 0.0016169 0 0 0.0007528 0 0 0 0 0 0.0006839 0 0.0004729 0.0003387 0
0 0.17967 0.1401 0.070123 0.067546 0 0.063947 0.045767 0 0 0.043554 0.031295 0.029524 0 0 0 0 0.028956 0.026263 0.025651 0 0.02453 0.022538 0.02174 0.018823 0.018534 0.015366 0.01529 0.014736 0.013071 0.01224 0.011975 0.011375 0.0090999 0.0087029 0.0073682 0.0066884 0.004674 0.002437 0 0 0.0022495 0.0018035 0.001397 0.0008588 0 0 0.0007835 0 0.0006758 0.0006446 0
0 0.19697 0 0 0.088189 0 0.071208 0.060714 0.053669 0 0.051503 0.039599 0.035804 0 0 0 0.035355 0.03365 0.033374 0.032023 0 0.026602 0.022974 0.020839 0.020428 0.019442 0.019341 0.016412 0.014094 0.01351 0 0.013484 0.012408 0.010313 0.0089377 0.0080839 0.0080435 0.0066034 0.0060608 0 0 0.0060502 0.0042864 0 0.004156 0 0 0.0034461 0 0.0019501 0.0004801 0
1 0.16694 0.099428 0.066242 0.052534 0 0 0.05166 0.047564 0.042997 0.041584 0.039309 0.031591 0 0.03071 0.028278 0.026961 0.026643 0.024881 0.024212 0 0.023674 0.023572 0 0.020784 0.018604 0.016267 0.015632 0.013085 0.010532 0.0078722 0.0075582 0.0067728 0.0059598 0 0.0054823 0.0047916 0.0041711 0.003525 0.0033813 0 0.0021767 0.0019197 0.0017122 0 0 0 0.0007621 0 0.0001499 8.79e-05 0
1 0.12998 0.12984 0.091235 0.083589 0 0.058568 0.053239 0 0 0.052073 0 0.041625 0 0.039566 0.03701 0.035652 0 0.032493 0.026989 0 0.026751 0 0.021699 0.021319 0.016291 0.015664 0.012009 0.011672 0 0.0096467 0.008009 0.0071765 0.0071208 0.006458 0.0061654 0.0057558 0.0044137 0.0028954 0 0 0.0018408 0.0011631 0 0.0008951 0 0.0008589 0.0002407 0 0.0001066 0 0
0 0.12163 0.096265 0 0 0 0.063691 0.062487 0 0.055462 0.052705 0.047501 0.037657 0 0.037577 0.036781 0 0.036228 0.034358 0.033356 0 0.030752 0 0.030476 0.030012 0.02877 0.025491 0.024309 0.021731 0.013245 0.011487 0.010763 0.010205 0.0092513 0.0079576 0 0.0073545 0.0066378 0.0034957 0 0 0.0031738 0.0022776 0.0022105 0.0022056 0 0 0.0014723 0 0.0009915 3.72e-05 0
1 0.18593 0.14314 0.080195 0.05486 0 0.050657 0.041946 0 0.038474 0.037919 0.032358 0.030524 0 0.027038 0.025026 0 0.024642 0.024281 0.024008 0 0.019897 0 0.019167 0 0.018272 0.018102 0.017275 0.014793 0.014744 0.013853 0.010648 0 0.0086644 0 0 0.0068511 0.0063804 0.0028868 0.002734 0 0.0020269 0 0 0 0 0.001132 0.0009608 0 0.000479 0.0001312 0
0 0.09209 0.091699 0.074598 0 0 0.061874 0.059659 0 0.057227 0.046244 0.042332 0.041962 0 0.034196 0.031885 0.031545 0.025667 0.025356 0.025246 0 0.023089 0.02174 0.02173 0.019926 0.019385 0.018936 0.014831 0.014706 0.014172 0.012809 0.012606 0.011629 0.010687 0.010579 0.0087372 0 0.006875 0.0042478 0 0 0.0027564 0.0023381 0.0021579 0.0011515 0 0.0010516 0.0009032 0.0006125 0.0004081 0.0003569 0
0 0.12531 0.084097 0.083885 0.072584 0 0.069923 0.061175 0 0 0.05635 0.044777 0.034741 0 0.034721 0.028709 0.026076 0.024819 0.024583 0.02222 0 0.021945 0.021751 0.020113 0 0.01924 0.016328 0.014079 0.012914 0 0.012227 0.0095306 0.0076425 0.0071675 0.0070436 0.0068562 0.0066127 0.0066096 0.0051474 0 0 0.0035907 0 0.0021709 0.0019381 0 0.001449 0.0010907 0 0.000425 0.0001574 0
0 0.093233 0.088413 0.081731 0.071507 0 0.069401 0.065874 0 0 0.064177 0.063731 0.056622 0.054411 0.054165 0 0 0.048778 0.027304 0.0237 0 0.023067 0.012989 0.011587 0.010545 0.0089537 0.0081325 0.0075562 0.0070951 0 0.0068684 0.0066529 0.0065089 0.0052463 0.0048658 0 0 0.0041431 0.0025925 0 0 0.002428 0 0.0017729 0.0016715 0 0.0016087 0.0011611 0.0009103 0.0005384 5.82e-05 0
1 0.27409 0.097403 0.086011 0.06033 0 0 0 0 0.052674 0.049542 0.045024 0.044265 0 0.037774 0.037719 0 0.035683 0 0 0 0.021221 0.017406 0 0 0.016306 0.014718 0.014227 0.013565 0.01279 0.0096149 0.0093987 0 0.0086822 0.0086137 0 0.008321 0.0080846 0.0052321 0 0 0.0026771 0.0026627 0 0 0 0.0023468 0.0018358 0.001139 0.000522 0.0001239 0
1 0.09099 0.088975 0 0.088416 0 0.085527 0 0 0.067801 0.058166 0.046429 0.043977 0.042285 0.040201 0.035513 0.034059 0.033743 0.031579 0.025407 0 0.025158 0 0.023044 0.014916 0.014886 0.013946 0.01157 0.010761 0.00915 0.0082395 0.0079632 0.0073032 0.00659 0.0057873 0.0057182 0.0044674 0.0035638 0.0032981 0 0 0.0021446 0.002105 0 0.0013939 0 0.0012385 0.0012263 0.0009041 0.0008019 0.0007575 0
0 0.17115 0 0 0.10128 0 0.087512 0.070757 0 0 0.047249 0.046086 0.041383 0 0.041208 0.037004 0.03595 0.035689 0.026474 0.025427 0.024468 0.020316 0.018431 0.017926 0.017342 0.016683 0.01559 0.014374 0.012324 0.011043 0.0094528 0.0089422 0.0086533 0.0084404 0.006174 0 0.0039608 0.0039256 0.0038002 0 0 0.0034554 0 0 0.0029843 0 0.0026255 0.0010056 0 0.0005228 0.0003889 0
0 0.095215 0.084774 0.082984 0.074069 0 0.071734 0 0 0 0.067312 0.045257 0.044841 0 0.044027 0 0 0.039064 0.033303 0.028427 0 0.025856 0.024868 0.023591 0.02292 0 0.021535 0.018098 0.016781 0.016075 0.015862 0.015602 0.014457 0.013784 0.013405 0.012106 0 0.0092158 0.0081226 0 0 0.0043931 0.0043041 0.0027322 0.0017049 0.0012678 0.0010248 0 0.0010048 0.0002665 1.47e-05 0
0 0.14127 0.12658 0.11405 0 0 0.096008 0.078624 0 0.050003 0.047352 0.047195 0.038581 0 0 0.031273 0 0.027821 0.026721 0.018585 0.01658 0.016379 0.014541 0.014373 0.012588 0.010191 0.008918 0.007738 0.0072357 0.0059642 0.0055582 0.0055192 0.0052907 0.0051386 0.0043732 0.0037378 0.00297 0.0025669 0.0014521 0 0 0.0013195 0 0 0 0 0.0010892 0.0009058 0.0008099 0.0005333 0.0001662 0
1 0.21112 0.11698 0.10055 0.081332 0 0.076389 0 0 0 0.060281 0.034391 0.03248 0.030125 0.028992 0.02824 0 0.026147 0.022406 0.017142 0 0.016986 0 0.016843 0.0157 0.01204 0.010547 0.009775 0.0094304 0 0.0083098 0.0062241 0 0 0.0054766 0 0.0053635 0.0053041 0.0032758 0 0 0.0030287 0.0021125 0 0 0 0.0017743 0.0007676 0 0.0003643 9.88e-05 0
1 0.12149 0.096407 0.0879 0 0 0.082367 0.073019 0 0 0.071147 0.061764 0.049531 0.043788 0.038304 0.029507 0.029179 0.028325 0.023751 0.021073 0 0.019087 0 0.016225 0 0.015167 0.01472 0.013378 0.012726 0.0090024 0.0078047 0.0071806 0.00656 0 0.0058321 0 0.0050763 0.0026946 0.0018176 0.0016597 0 0.00124 0.0009966 0 0 0 0 0.0009746 0 0.0001652 0.0001362 0
1 0.12125 0.10879 0.078073 0.07199 0 0.061134 0 0 0.060671 0.05685 0.04901 0.046488 0.045122 0.04471 0.044056 0.039409 0.030398 0 0 0 0.019656 0.018994 0.015421 0 0.015402 0.014448 0.011959 0.011627 0.0084046 0.0033054 0.0030726 0.0030685 0 0.0023495 0.0022352 0.0021823 0.0019401 0.0018722 0 0 0.0013788 0.0011309 0.0010829 0 0 0.0010696 0.000825 0.0002844 0.0002133 0.0001238 0
0 0.10154 0 0.09802 0.096352 0 0.062774 0.057798 0 0 0.05651 0 0.049912 0 0 0.048956 0.04581 0.037927 0.037147 0.037067 0 0.032207 0.029204 0.022447 0.021724 0.021442 0.019914 0.018325 0 0.018322 0 0.016495 0.01603 0.014625 0.0091054 0 0.0062763 0.0059515 0.0045076 0 0 0.003589 0.0035139 0.0014173 0.0012759 0 0.0012225 0.0011324 0 0.0007922 0.0006619 0
1 0.11655 0.10408 0 0 0 0.068606 0 0 0.068365 0.064719 0.054595 0.052323 0 0.048659 0.045083 0.044683 0.042946 0.038395 0.027865 0 0.023208 0.022008 0.020004 0.019215 0.018623 0.015737 0 0.014971 0 0.014156 0.009575 0.0086477 0.0086365 0.0085991 0.0080746 0.0077746 0.0061369 0.0056076 0 0 0.0033227 0.0031071 0.0029842 0 0 0.0009895 0.000767 0.0005708 0.0003127 0.0001136 0
1 0.13683 0.12046 0.10103 0.079959 0 0.056022 0.050873 0 0 0.042371 0.041559 0.04094 0 0.037685 0.037611 0.036589 0 0 0 0 0.032925 0 0.024422 0.023259 0.018895 0.013826 0.012681 0.012318 0 0.010518 0.0099372 0.0087763 0.0083645 0.0078796 0 0.0066273 0.0054261 0.003511 0 0 0.0034721 0.0034399 0 0.0034278 0 0.0025538 0.0025412 0.0020654 0.0008852 0.0003317 0
0 0.11312 0 0.095838 0 0 0.092718 0.080728 0 0 0.061722 0.056165 0.054725 0.054676 0 0 0.049126 0.044573 0.034315 0.029536 0 0.029425 0.021692 0.021654 0.020941 0.017035 0.015954 0.015278 0.013688 0.012446 0.0072334 0.0069997 0.0066648 0.0064018 0.0061781 0.0060842 0 0.0059836 0.0051877 0 0 0.0051504 0 0 0.0043795 0 0 0.0026052 0 0.0010448 0.0007346 0
0 0.14608 0.068434 0 0.06252 0 0.058424 0.056688 0 0 0.050342 0.047959 0.040818 0 0.040166 0.040092 0.03917 0.033562 0.029676 0.028034 0 0.024972 0.023299 0.023015 0.022259 0.020189 0.018004 0.01747 0.01328 0.012758 0.011762 0.011587 0.010594 0.010335 0.0089403 0.0064701 0.0061812 0.0050538 0.0046648 0 0 0.0034765 0 0 0 0 0 0.0016325 0 0.0013779 0.0007107 0
0 0.092891 0.076181 0 0.073285 0 0.069188 0.068748 0.066725 0 0.05915 0.054877 0.045747 0 0.043248 0.040111 0.037245 0.03669 0.020282 0.020248 0 0.019681 0.018066 0.018022 0.016953 0.012107 0.011467 0.0114 0.010326 0.0075241 0.0075144 0.0072053 0.0071365 0.0066326 0.0050175 0.0044807 0.0043888 0.0041115 0.004022 0 0 0.0038867 0.003766 0.0032196 0 0 0.0028446 0.0021915 0.0018285 0.0011171 0.0004712 0
1 0.17594 0.12962 0.079527 0.06721 0 0.057908 0.056757 0 0.048256 0.037782 0.037424 0.029198 0.028519 0.023714 0.023672 0.019251 0.016438 0.015496 0.0145 0 0.01399 0 0.013092 0.0128 0.011658 0.011081 0.010038 0.0094023 0.0082528 0.0071267 0.0062899 0.0053031 0.0051884 0.0049268 0.0039008 0.0022121 0.0021698 0.002083 0 0 0.0017204 0.0015225 0.0013105 0.001123 0 0.0010688 0.0010215 0.0005862 0.0005427 0.000376 0
0 0.11937 0.092172 0.075177 0.066063 0 0.064399 0.063358 0 0.0571 0.054915 0.052992 0 0 0.049486 0.028344 0 0.027788 0.026902 0.024602 0 0.020825 0.019933 0.018522 0.015954 0.013938 0.013375 0.013092 0.012451 0.012063 0.01083 0.0097753 0.0087601 0.0054171 0.0052374 0.0046842 0.0033789 0.0033001 0.0017547 0 0 0.0013626 0 0 0 0 0.0011511 0 0.0009621 0.0003172 0.0002524 0
1 0.15237 0.099792 0.094409 0.094311 0 0.057246 0.054302 0 0.04557 0.029878 0.029173 0.028025 0 0.027874 0.027688 0.026748 0.023311 0.019741 0.019567 0.018037 0.017028 0 0.013768 0.013412 0.013222 0.012421 0.012383 0.0088512 0.0086311 0.008466 0.0077277 0.0070679 0.0052224 0.0048534 0 0.0038414 0.0034689 0.0026174 0 0 0.0024413 0.0024144 0 0.0022444 0 0 0.0008674 0 0.0006509 0.0003581 0
0 0.14854 0.090396 0.067535 0.053177 0 0.051935 0.051231 0 0.049129 0.04724 0 0.044692 0 0.043554 0 0.036564 0.034486 0.029792 0.025338 0 0.025072 0.021508 0.021448 0.020851 0 0.020746 0.020074 0.018372 0.018065 0.015065 0.0096293 0.0087921 0.0077582 0.0048183 0.0046382 0 0.0024758 0.0023375 0 0 0.0022179 0 0 0 0 0 0.0016585 0 0.0005796 0.0002848 0
1 0.16531 0 0 0.10766 0.092501 0.090695 0.088456 0 0.055099 0 0.046123 0 0.044302 0.035458 0.034989 0.028576 0.022981 0.022929 0.019441 0 0.017876 0 0.017789 0.014353 0.013504 0.012994 0.012117 0.011704 0.0075806 0.005173 0.0037345 0.0035824 0.0033028 0.0032447 0.0032259 0 0.0032137 0.0030393 0 0 0.0029452 0.0019705 0.001885 0 0 0.0011816 0.0007883 0 0.0001849 9.28e-05 0
0 0.12209 0.11033 0.08832 0.08312 0 0.075517 0.07264 0 0.043171 0.042902 0 0.041389 0 0 0.029373 0.028999 0 0.027315 0.026444 0 0.022213 0.019597 0.019532 0 0.017069 0.015314 0.014614 0.011155 0.010375 0.010115 0.008224 0.0081327 0.0075723 0.0074924 0.0067777 0.0051469 0.0051094 0.0034609 0 0 0.0034346 0.003424 0 0.0031891 0 0.0029392 0.0022701 0 0.0009836 0.0002483 0
1 0.16321 0.094391 0.072566 0.068313 0 0.057985 0.054562 0 0 0.05344 0.052133 0.046302 0.037192 0.03065 0.02955 0 0.029401 0.026285 0.025998 0 0.020687 0 0.016744 0.015433 0.014329 0.011539 0.0098809 0.0084626 0.0082721 0.0072882 0.0063135 0.0062574 0.0050515 0.0047477 0.0043717 0.0034802 0.0022174 0.0021158 0 0 0.0021137 0.0020538 0 0.0020229 0 0.0017794 0.0010575 0.0008035 0.0005929 0.0004067 0
1 0.16999 0.13965 0 0.092135 0.067512 0.060196 0 0 0 0.054176 0.046669 0.038475 0 0.032171 0 0.030062 0.029832 0.028523 0.026903 0 0.023079 0 0 0 0.021712 0.021552 0.020958 0.016468 0 0.015739 0.013926 0.012377 0.011862 0.0069856 0.0069143 0.0048422 0.0031913 0.0016011 0 0 0.0010609 0 0 0 0 0 0.0006669 0 0.0005233 0.0002583 0
1 0.13577 0.086959 0 0.076593 0.064562 0.061968 0.052088 0 0.045671 0.042089 0.037478 0.037098 0 0.035407 0.031425 0.030393 0.030323 0.030196 0.024874 0 0.018562 0 0.018235 0.018197 0.01661 0.015346 0 0.013026 0 0.01076 0.010275 0 0.0084755 0.0084711 0 0.0084345 0.0077606 0.0062473 0 0 0.0058436 0.0047676 0 0.0032156 0 0 0.0017004 0 0.001001 0.00018 0
1 0.1594 0.13835 0 0.0724 0.061577 0.06011 0.056271 0.047474 0.045351 0.042059 0.037092 0.027909 0 0.02496 0.021815 0 0.021769 0.018404 0.01804 0 0.014863 0 0.014802 0 0.014756 0.013464 0.011695 0.011376 0 0.0099472 0 0.0088648 0 0 0.0086696 0.0082736 0.0074738 0.0071784 0 0 0.0055059 0.0049498 0.001801 0 0.0017174 0 0.0009247 0 0.0007421 1.51e-05 0
1 0.14384 0.10427 0 0.090997 0.057921 0.056958 0.054696 0 0 0.051331 0.044935 0.042192 0.037963 0.036239 0.030719 0.030083 0.026891 0.021359 0.020747 0.018678 0 0 0.015591 0 0.015546 0.013961 0.013289 0.012643 0.0095106 0.0090749 0.0088501 0.0069474 0.0053303 0.0036249 0 0.0029931 0.0023254 0.0022658 0 0 0.0021434 0.0019231 0.0017036 0.0010107 0 0 0.0007472 0 0.0005499 0.0001528 0
0 0.173 0.10882 0 0.082163 0 0.067259 0.062087 0 0 0.051565 0.04814 0.045302 0 0.042751 0.04215 0 0.038003 0.037113 0.025969 0 0.022992 0.020763 0.018507 0.017385 0.014526 0.011621 0.011315 0 0 0 0.011079 0.0099233 0.0095091 0.0081144 0 0.0042674 0.0032992 0.00326 0 0 0.0026402 0.0025679 0.0011579 0.0010362 0 0.0009129 0.0005046 0 0.0001787 0.0001213 0
0 0.10212 0.076027 0 0.066775 0.06601 0.059143 0.05423 0 0 0.053489 0 0.049056 0 0.047553 0.042258 0.035982 0.035739 0.029806 0.023855 0.0233 0.021818 0.020386 0.019743 0.018886 0.018086 0.017856 0.016003 0.014643 0 0 0.012275 0.011907 0.010473 0.009347 0.0087013 0.0079327 0.0078349 0.0071748 0 0 0.0037156 0.0024675 0.0013823 0.0012555 0 0.0011989 0.000822 0 0.0003804 0.0003733 0
0 0.12981 0.090994 0.074705 0.067116 0 0.064895 0.057496 0 0.055947 0.039449 0.039279 0.035117 0 0.032188 0.031835 0.030406 0.024464 0.024184 0.018462 0.018322 0.01671 0.013653 0.012642 0.012339 0 0.012083 0.011537 0.010899 0.0099596 0.0088449 0.0088432 0.0065142 0.005997 0.0056087 0.0049539 0.0047386 0.0043695 0.0042173 0 0 0.0039649 0 0.0033676 0.0020092 0 0.0014042 0.00042 0 0.0001556 0.0001008 0
1 0.1724 0.14852 0 0 0 0.10974 0.081223 0 0 0.060406 0.053945 0.047189 0 0.038142 0.032142 0 0.030236 0.03002 0.021443 0 0.020917 0.020119 0.018972 0.016538 0.014302 0.010128 0.0095757 0.008922 0.0088926 0.0088206 0.0080418 0.0079575 0.0056047 0.0054133 0.0030045 0 0.0020834 0.0017535 0 0 0.0009778 0.0007902 0 0 0 0.0007527 0.00055 0.0003662 0.0001093 0 0
0 0.13632 0 0 0.11913 0 0.092784 0 0 0 0.068418 0.067392 0.063157 0 0.05094 0.048257 0 0.04583 0.038792 0.035356 0 0.03063 0.029954 0.028468 0.021792 0 0.021361 0.016581 0.014611 0.010876 0.010647 0.0093438 0.0073322 0.0045895 0.0043009 0.0040047 0.0035104 0.0028354 0.0027508 0 0 0.0026201 0 0 0.0020276 0 0.0019903 0.0011642 0.0011101 0.0007618 0.0003614 0
1 0.14414 0.13409 0 0 0 0.10637 0.089449 0 0.050967 0.045616 0.042667 0.039265 0 0.037797 0.028731 0.028463 0.026942 0.026009 0.025341 0 0.019186 0.017832 0.017444 0.016993 0.014567 0.012664 0.010503 0.010481 0.010158 0.0090335 0.0066549 0.0055965 0.0051545 0.0036399 0 0.0030617 0.0029397 0.0021159 0 0 0.0013261 0.0012728 0.0009551 0.0009118 0 0 0.0007321 0 0.0005923 0.0003324 0
0 0.13668 0.074789 0.071835 0.059951 0 0.059612 0.056219 0 0 0.052344 0.051174 0.049357 0 0 0.048075 0.047448 0.040893 0.04011 0.031051 0 0.027173 0.021851 0.018838 0.013579 0.013508 0.01055 0.0094307 0.0086618 0.0076618 0 0.0073573 0.0060998 0.0046576 0.0042271 0.0038968 0.0038291 0.0038205 0.0037913 0 0 0.0037359 0.0037296 0 0.0009928 0 0.0009877 0.0008976 0.0008514 0.0002081 0.0001235 0
1 0.19677 0.11902 0.081366 0.066614 0 0 0.045979 0.045574 0.042294 0.040654 0.035135 0.035112 0 0.024843 0.024108 0.023231 0.021485 0.020669 0.020087 0 0.017988 0 0.017658 0 0.016211 0.015133 0.013554 0.011873 0 0.010045 0.0087634 0.0074184 0.0071863 0.0056292 0.0047488 0.0034377 0.0034358 0.0033225 0 0 0.0033074 0.0021324 0.0018787 0 0 0 0.0015106 0 0.0011991 0.0006233 0
0 0.13001 0.093153 0.088648 0 0 0.056337 0.055591 0 0 0.053374 0.044595 0.040655 0 0 0.039278 0 0.036699 0.03497 0.0341 0 0.03405 0.033532 0.030258 0.026676 0.023774 0.023132 0.022169 0.020612 0.01498 0.012522 0.010749 0.0090672 0.0063212 0.0045415 0.0036857 0.0034795 0.0029078 0.0025331 0 0.0023045 0.002178 0.0019082 0 0 0 0 0.0008475 0 0.0002102 0.0001521 0
0 0.16372 0 0 0.087973 0 0.072159 0.065997 0.065716 0 0.055392 0.054492 0.050874 0 0 0.048996 0.038864 0.034647 0.033745 0.032906 0 0.020998 0.020297 0.02017 0.018281 0.017747 0.012877 0.010848 0.010028 0.0080247 0.0078856 0.0077369 0.0071577 0.0068099 0.0057931 0.0041873 0 0.0031589 0.002277 0 0 0.0022645 0.0022434 0 0.002036 0 0 0.0017793 0.0010111 0.0007829 0.0001267 0
0 0.10444 0.097798 0.092577 0.058194 0 0.056381 0.056254 0.048935 0.04389 0.037339 0.034771 0.034117 0.029962 0.029735 0.02616 0.025238 0.025114 0.022136 0.021534 0 0.017286 0.016006 0.015808 0.015703 0.015535 0.014079 0.009457 0.0086548 0.0070546 0.0066866 0.0049568 0.0041062 0.0037377 0.0025122 0.0022525 0.0022315 0.0021691 0.0018192 0 0 0.0016681 0.0016531 0 0 0 0 0.0009671 0 0.0007413 0.0003322 0
1 0.12655 0.11312 0.10026 0.076248 0 0.07435 0.059911 0 0.056037 0.047646 0.040938 0.033781 0 0.031051 0.029329 0.02112 0.020215 0.018911 0.017857 0 0.015267 0.015104 0 0.013549 0.013493 0.013006 0.0089885 0.0088368 0.0081764 0.0072622 0.0045475 0.0045169 0.0043488 0.0038643 0.0034441 0.0021027 0.0011007 0.0010114 0 0 0.0010102 0.0009772 0.0009122 0 0 0 0.0007376 0 0.0002341 0.0001846 0
0 0.12378 0 0 0.078613 0 0.065491 0.058716 0 0 0.057214 0.056837 0.05383 0 0.052851 0.039448 0 0.032416 0.031827 0.030067 0 0 0.02922 0.026665 0.022951 0.021966 0.020803 0.020566 0.020536 0.019013 0.016083 0.014031 0.013846 0.013728 0.013073 0.012756 0.011453 0.010935 0.0086911 0 0 0.0075383 0.0058162 0 0 0 0 0.0046128 0 0.0035412 0.0010819 0
0 0.090637 0.081771 0.081365 0.061726 0 0.058834 0 0 0 0.057639 0 0.054246 0 0.054209 0.052483 0 0.051499 0.044703 0.040439 0 0 0.037013 0.03547 0.031265 0.030946 0.027735 0.021089 0.016754 0.014964 0 0 0.010458 0.0098589 0.0088033 0 0 0.0082599 0.0077834 0 0 0.004543 0.0032979 0 0 0 0.0009591 0.0007719 0 0.0002574 0.0002201 0
1 0.16976 0.08161 0 0.07262 0.06851 0.060221 0 0 0.051296 0.050402 0.03852 0.031843 0 0.028448 0.026462 0 0.026166 0.025953 0.023887 0 0.023591 0 0.022682 0.022486 0.020464 0.019042 0.018967 0.016362 0.015424 0.01507 0.013853 0.0097713 0.0094116 0.0089051 0.0069276 0.0049348 0.0043993 0.0043208 0.0018853 0 0.0014404 0.0009775 0.0009658 0 0 0.0009608 0.0007976 0 0.0003489 0.0003158 0
1 0.16071 0.1504 0.10596 0.068648 0 0.052534 0.045913 0 0.033983 0.03284 0.032697 0.030954 0.027454 0.025538 0.02269 0 0.020414 0.019716 0.019339 0.016385 0.013238 0 0.013094 0.012714 0.012015 0.011239 0.0096022 0.0095215 0 0.0083678 0.0082687 0.0071657 0.0064286 0 0 0.0063847 0.0044384 0.0039675 0 0 0.0033808 0.0032043 0 0 0 0 0 0 0.0004613 0.0003308 0
1 0.18833 0.10986 0.098789 0.06926 0 0.06715 0.056791 0 0.056398 0.050761 0.048346 0.025411 0.024918 0.017794 0.015809 0.015655 0.013526 0.01331 0.012897 0 0.012807 0 0.0091825 0.0089655 0.0079639 0.0074544 0.0073714 0.0068936 0.0065501 0.0063915 0.0061435 0.0050322 0.0049612 0.0049523 0.0046749 0.0040077 0.0037921 0.002019 0 0 0.0018974 0 0 0 0 0.0014583 0.0011985 0 0.0009819 0.0002991 0
1 0.15759 0.11538 0.087911 0.081254 0 0.069306 0.060506 0.058997 0.056714 0.04287 0 0.040012 0.022547 0.022291 0.019842 0.019625 0.018257 0.0131 0.011569 0 0 0 0.011108 0.010328 0.0095569 0.0086992 0.0083034 0.0077731 0.0074136 0.0058485 0.0056181 0.0053569 0.0040689 0.0039479 0.0034087 0.0029814 0.0019461 0.0010729 0 0 0.0010591 0.0010316 0.0009507 0 0 0.000896 0.0004089 0 0.0003454 0.0001073 0
0 0.12369 0.11434 0 0.10457 0 0.070007 0.065746 0.049875 0 0.034405 0.032011 0.030725 0 0.030504 0.029725 0.025521 0.02376 0.022413 0.020344 0 0.020159 0.017469 0.0166 0.015961 0 0.01549 0.014492 0.013278 0.011962 0.011855 0.011555 0.011223 0.0099711 0.0099287 0.009189 0 0.0074055 0.0073023 0 0 0.0052215 0.0045804 0.0034702 0.0030316 0 0 0.0012296 0 0.000796 0.0001978 0
1 0.16561 0.13592 0 0.092042 0.079585 0.058597 0.05662 0 0.040994 0.040987 0.036515 0.035279 0.031508 0.029738 0.023141 0.019138 0.016666 0.015869 0.014832 0 0.013831 0 0.01335 0.012217 0.010657 0.0076557 0.0074505 0.0074303 0 0.0067321 0.0051025 0.0046298 0.0044375 0.0035178 0.0023832 0.0015508 0.0014151 0.001133 0 0 0.0010207 0.0009402 0 0 0 0 0.0007998 0 0.0004261 0.0002813 0
1 0.1247 0.11763 0.066387 0.054984 0 0.049565 0.048951 0 0.044678 0.042154 0.038307 0.035604 0 0.032831 0.032592 0.030249 0 0.030119 0.02941 0 0.023003 0.022795 0.019175 0.01822 0.018105 0.015299 0.014357 0.013876 0.012392 0.0093076 0.0077714 0.0076936 0.0071823 0.0063735 0 0.0053117 0.0052573 0.0037088 0 0 0.0036214 0.0035607 0 0 0 0 0.0022436 0 0.0016268 0.0009592 0
0 0 0.13342 0.071229 0.060372 0 0.057771 0 0 0 0.049046 0.048951 0.045393 0.044293 0.041901 0 0.041068 0.040433 0.036309 0.035098 0 0.034165 0.030362 0.0298 0.028786 0.023948 0.023532 0.022988 0.020446 0.014476 0.013156 0.0085728 0.0084421 0.0073554 0.0064878 0.0064091 0.0047834 0.0042031 0.0028026 0 0 0.0010691 0.0008159 0.0007633 0 0 0 0.0005573 0 0.0004121 0.0003836 0
1 0.18414 0.13648 0.086798 0.077639 0 0 0.071915 0 0.069145 0.039705 0.03823 0.036157 0 0.033374 0.028092 0.024152 0.02402 0.023965 0.01828 0 0.016513 0 0.014166 0.00943 0.0082193 0.0081817 0.0081777 0.0072752 0.0065479 0.0040492 0.0037227 0.0029611 0.0028686 0.0025338 0 0.0024812 0.0020394 0.0018457 0 0 0.0018272 0 0.0016797 0.0012558 0 0.0010963 0.000528 0.0003927 0.000117 0 0
0 0.11072 0.10727 0.10643 0.09104 0 0.08097 0.080441 0.052075 0 0.045692 0.036237 0.027019 0 0.022604 0.021846 0.019931 0.018681 0.018586 0.017961 0.016794 0.016018 0.015945 0.013288 0.012353 0.01146 0.0095641 0.0077059 0.0058847 0.0055897 0.0049903 0.004548 0.0033801 0.0032666 0.0031413 0 0 0.0027174 0.0023152 0 0 0.0021413 0 0 0 0 0 0.0009959 0 0.0002332 0.0001702 0
0 0.15156 0.09451 0 0.094078 0 0.072236 0.053899 0 0 0.050463 0.045131 0.041066 0.031994 0.030634 0 0.026422 0.025934 0.025907 0.025898 0.024813 0.022171 0.020511 0.020183 0.018751 0.017783 0.015767 0.013428 0.011603 0.010264 0.009635 0.0071133 0.0061008 0.0054508 0 0.005105 0.0050043 0.0048013 0.0034276 0 0 0.0027506 0 0.0024206 0.0019307 0 0 0.0010542 0 0.000162 3.5e-05 0
1 0.14804 0.12211 0.11872 0.11761 0 0.092226 0 0 0.060156 0 0.041269 0.034694 0 0.026825 0.026012 0.024074 0.022006 0.019458 0.019239 0 0.019123 0 0.0187 0.014192 0.011924 0.010636 0.0068376 0.0059875 0.005743 0 0.0055165 0.0053279 0.0052968 0.0038431 0.0033588 0.002847 0.0025426 0.0021002 0 0 0.0009456 0.0008019 0 0 0 0.0006448 0.0005015 0.0003401 0.0002772 7.16e-05 0
1 0.1243 0.12028 0.1156 0.091351 0 0.074975 0 0 0.0477 0.042277 0.038495 0.037576 0 0.036409 0.027987 0.027984 0.027556 0.021405 0.021006 0 0.019871 0 0.018562 0.017776 0.014555 0.010605 0.0086634 0.0081606 0 0.007724 0.0074933 0.0059478 0.0058077 0.0034758 0.0034139 0.0030184 0.0025021 0.0024683 0 0 0.0018417 0.0017585 0.0008585 0 0 0.0002223 0.0002149 0 0.0001526 0 0
1 0.16606 0.091126 0.090802 0.090717 0 0.064913 0 0 0 0.063758 0.06172 0.050511 0 0 0.048119 0.046614 0.02847 0.021301 0.02069 0 0.018122 0 0.015322 0 0.014574 0.014464 0.013938 0.013457 0 0.010113 0.0092058 0.0079156 0.0074834 0.0073492 0.0050699 0.0035394 0.0033491 0.0032214 0 0 0.0022156 0.0020122 0 0 0 0 0.0016526 0 0.0011932 0.0009996 0
0 0.11796 0.077936 0.063078 0.058309 0 0.057273 0.054851 0 0.053603 0.049388 0.045611 0.043109 0.040978 0.037284 0.036718 0 0.034401 0.032804 0.027782 0 0.027604 0.02214 0.016628 0.014406 0.01079 0.010647 0.010537 0.0093945 0.0064422 0.0062277 0.00553 0.0046282 0.0035425 0.0035262 0.0034064 0.002454 0.0024085 0.0022366 0 0 0.002212 0 0 0 0 0.0019305 0.0010324 0 0.0009811 0.0002163 0
1 0.13085 0.12106 0 0 0 0.10103 0.080867 0 0 0.066684 0.058982 0.054086 0 0.048894 0.045261 0 0.035373 0.028359 0.027034 0 0.024065 0 0 0 0.022306 0.021234 0.019955 0.017541 0.015001 0.013367 0.010868 0.0098671 0.0086372 0.0054715 0 0.005257 0.005032 0.004933 0.0047475 0 0.0044171 0.0030211 0.002762 0.0023868 0 0 0.000259 0 0.0002497 0.0001463 0
0 0.091854 0 0.090351 0 0 0.087134 0.075231 0 0 0.053235 0.053064 0.05294 0 0.052649 0.050994 0.050109 0.047957 0.040003 0.037095 0 0.034816 0.025343 0.017203 0.014524 0 0.01429 0.013423 0.012839 0.01131 0.010598 0.0099577 0.0098675 0.0086102 0 0 0.0081298 0.0055505 0.0053563 0 0 0.0038952 0 0 0.0038906 0 0 0.0032117 0 0.0023864 0.0021832 0
0 0.12119 0.088165 0.084401 0.063962 0 0.063179 0.041893 0 0.037468 0.03671 0.034812 0.031836 0 0.030748 0.026747 0.026317 0.025586 0.025004 0.02418 0 0.024145 0.022533 0.020266 0.018218 0.01772 0.016539 0.013891 0.012279 0.011608 0.010651 0.010639 0.0095239 0.009485 0.0068338 0.0063309 0.0049313 0.0048407 0.004229 0 0 0.0038454 0.003375 0.0023902 0.0012455 0 0 0.0010513 0 0.0007837 0.0004403 0
0 0.10569 0 0 0 0 0.081643 0.080836 0.065108 0.064861 0.056434 0 0.055813 0.053749 0.051437 0.03846 0 0.035039 0.028871 0.023639 0 0.022784 0.021692 0.020232 0.019768 0.018629 0.018099 0.01746 0.013948 0.013645 0.013087 0.012818 0.010718 0.010711 0.0081337 0.0078029 0.0074841 0.0053001 0.0049067 0 0 0.0037413 0.0028361 0.0017831 0 0 0.0009915 0.0009659 0 0.0006601 0.0002286 0
0 0.13347 0.075457 0.07537 0 0 0.072892 0.057491 0 0 0.050722 0.04838 0.045881 0 0.044715 0.038715 0 0.038568 0.036966 0.023259 0 0.022586 0.020928 0.020889 0.019868 0.018874 0.015983 0.015023 0.013699 0.013198 0.013158 0.013067 0.01236 0.0118 0.011587 0.0080186 0.0074816 0.0051653 0.0046433 0 0 0.0037004 0.0020097 0.0016799 0.0009652 0 0.0006113 0.0003126 0 0.0003125 0.0001925 0
1 0.14798 0.081678 0 0.07021 0.06344 0.055861 0 0 0.05027 0.049184 0.043992 0.042723 0 0.042106 0.039234 0.03526 0.032637 0.030749 0.028176 0 0.023912 0 0.023868 0 0.022746 0.020995 0.017785 0.017772 0.011477 0.010483 0.0097816 0.0058153 0.004356 0.004327 0 0.0042402 0.003221 0.0021598 0 0 0.0016093 0 0.0011636 0.0006129 0 0 7.78e-05 0 6.24e-05 3.19e-05 0
0 0.084265 0.082973 0.078506 0 0 0.065473 0.064673 0 0 0.059929 0.049884 0.046276 0 0.041583 0.036654 0 0.036264 0.035655 0.030822 0 0.029164 0.023223 0.020767 0.020613 0.019888 0.01892 0.017976 0.017918 0.016687 0 0.014032 0.013359 0.013235 0.012071 0.0099762 0.0092272 0.0075141 0.0065529 0 0 0.0054525 0 0.0032312 0.0025343 0.0024159 0 0.0012123 0 0.0010455 2.97e-05 0
1 0.1747 0.096557 0 0.059816 0.056078 0.055975 0.055463 0 0.053777 0.05294 0.051584 0.050873 0 0.048947 0.046815 0.030924 0.028518 0.017181 0.011224 0 0.010661 0 0.0093918 0.0092544 0 0.0092288 0.0091264 0 0.0087905 0.0076435 0.0071096 0.0067265 0.0062283 0.0053612 0 0.004305 0.0034271 0.0034019 0 0 0.003307 0 0 0.0021595 0 0 0.0020766 0 0.0003774 5.4e-05 0
0 0 0.12994 0.11572 0.11335 0 0.062278 0.061099 0 0 0.058204 0 0.051385 0.049925 0.044147 0.040352 0.035097 0.025349 0.020357 0.019564 0.016645 0.015452 0.014828 0.01438 0.012889 0.011293 0.0095013 0.0094198 0.0085924 0.0075814 0.0061755 0.0058954 0.0053091 0.0048069 0.0048046 0.0047484 0.0039333 0.0039143 0.0036061 0 0 0.0030234 0.0022307 0 0.0019415 0 0.0009588 0.0009376 0 0.0002086 0.0001556 0
1 0.18507 0.12595 0.086208 0.074763 0.068279 0.047329 0.03906 0.035441 0.030819 0.027598 0.027386 0.025635 0 0.023207 0.021204 0.020933 0 0.020854 0.018445 0 0.017088 0 0 0 0.016765 0.013806 0.012739 0.011442 0 0.010413 0.0092632 0.0087306 0.0048619 0.0041583 0 0.0024577 0.0021456 0.0019374 0 0 0.0012816 0.0011886 0.0011813 0 0 0 0.0011011 0.0008563 0.0002533 0.0001389 0
0 0.13933 0.12805 0 0.099957 0 0.063227 0.050661 0 0.046837 0.044508 0.03813 0.036341 0 0.035726 0.032652 0.027366 0.025275 0.024976 0.02454 0 0.02295 0.022199 0.018316 0.016881 0.010988 0.01057 0.0098652 0.0090532 0.0079149 0.0066839 0.0063789 0.0063712 0.0063538 0 0.006319 0.0059769 0.0049771 0.004286 0 0 0.0019591 0 0 0.0018479 0 0 0.0009724 0 0.0008531 0.0007058 0
1 0.14027 0.10237 0.094187 0.0721 0 0.062296 0 0 0.06042 0.056603 0.038483 0.037454 0.037073 0.033051 0.025055 0.022996 0.01913 0.018854 0.017652 0 0.017181 0.015674 0.014288 0 0.013841 0.013043 0.012875 0.012722 0.010702 0.010182 0.0097215 0.0082432 0.0055891 0.0050085 0 0 0.0043389 0.0027119 0 0 0.0020513 0.0013663 0 0 0 0 0.0008834 0 0.0007968 0.0007891 0
1 0.10673 0.10181 0.078717 0.074668 0 0.071482 0 0 0.056242 0.056199 0.054295 0.048056 0.039323 0.035747 0.034281 0 0.033773 0.032532 0.028588 0 0.020518 0.017437 0.014171 0.012033 0.0096619 0.0094455 0.0089646 0 0 0 0.0071356 0.0071279 0.0070221 0.0056293 0.0055468 0.0052584 0.004827 0.0045464 0 0 0.003219 0.0013955 0 0.0010688 0 0 0.000872 0 0.0007685 0.0007498 0.0001611
1 0.14972 0.11824 0.082226 0.074458 0 0.063548 0.050253 0 0 0.044372 0.034782 0.034488 0 0.033779 0.028063 0.026996 0.024679 0.024108 0.023236 0 0.019367 0 0.018759 0.01739 0.017006 0.015734 0.015088 0.01292 0.011587 0.0099442 0.0089947 0.0087243 0.0064207 0.0043946 0 0.0039722 0.0036476 0.0035291 0 0 0.0028247 0.0022439 0 0 0 0.0017555 0.0011963 0.0009782 0.0004401 0.0001304 0
0 0.16094 0 0 0.087928 0.087005 0.063992 0.053608 0 0.052132 0.051275 0.046569 0.041994 0 0.039838 0.03305 0.029933 0.028777 0.026516 0.024104 0 0.023564 0.022586 0.02043 0.017577 0.016993 0.013828 0.010583 0.0082152 0.0074391 0.0073787 0.0056997 0.005104 0.0037551 0.0036629 0 0 0.002248 0.0009949 0 0 0.0009089 0 0.000654 0 0 0 0.0002758 0 0.0002474 0.0001943 0
0 0.1147 0 0 0.08769 0.065559 0.058357 0.057641 0 0 0.056139 0 0.055984 0 0.051256 0 0.043077 0.042236 0.033111 0.029072 0 0.026121 0.025663 0.025545 0.022858 0.022535 0.022292 0.019943 0.016651 0.016263 0.014801 0.012582 0.012338 0.011714 0.0099686 0.0093574 0 0.0093288 0.0071868 0 0 0.0067225 0.0051789 0.0040386 0 0.0021421 0 0.0013973 0 0.0005363 1.4e-05 0
0 0.11064 0.098245 0.06328 0.061314 0 0.058953 0.052431 0 0.052285 0.048655 0.044586 0.044116 0 0.041569 0 0 0.039452 0.032059 0.026549 0 0.023892 0.019605 0.019468 0.019034 0.017815 0.011917 0.011565 0.011469 0.011118 0.010945 0.0096255 0.0095483 0.0092612 0.0081336 0.0071299 0 0.0044761 0.0043151 0 0 0.0038996 0 0 0.0034754 0 0.0033683 0.0026206 0 0.0025995 0.0005844 0
1 0.11303 0.10369 0 0.10067 0 0.084722 0.075658 0 0 0.045971 0.042653 0.041698 0.040427 0.03871 0.033142 0.031669 0.028518 0.025304 0.023054 0 0.015935 0 0.015108 0 0.014814 0.014711 0.014599 0.013421 0.012204 0.0115 0.010703 0.0076316 0.0066122 0.0054154 0 0.0052086 0.0048359 0.0043794 0 0 0.0039379 0.0030242 0 0 0 0.0024822 0.0021981 0 0.0021513 0.000218 0
0 0.1452 0.11306 0.0791 0.062817 0 0.057109 0.054398 0 0.049168 0.044884 0 0.038599 0.037676 0.037235 0.032394 0 0.026047 0.023896 0.021646 0 0.01845 0.017838 0.014933 0.014246 0.013996 0.01331 0.010597 0.0087689 0.0081262 0.0072135 0.0071672 0.006055 0.0057231 0.0054708 0.004952 0.004289 0.0039799 0.0021331 0 0 0.0021207 0.0018526 0.0018395 0 0 0.0017623 0.000945 0 0.0005619 0.0004347 0
1 0.10587 0.10418 0.069559 0.06769 0 0.066535 0.056497 0 0.051106 0.04591 0.041484 0.036489 0 0.036275 0.031855 0.028674 0.024706 0.024614 0.024367 0 0.02409 0 0.022679 0 0.022245 0.020874 0 0.017293 0.013025 0.011471 0.0095269 0.0094944 0.0086556 0.0053873 0.0044546 0.0035138 0.003465 0.0020275 0 0 0.0015654 0 0.0013802 0 0 0 0.0010999 0 0.0009988 0.0009438 0
1 0.1114 0.095758 0.091568 0.078972 0 0.048732 0.048087 0 0.046471 0.044783 0.041781 0.037843 0 0.035942 0 0.035002 0.031972 0.031198 0.027262 0 0.025902 0 0.021113 0.018464 0.015168 0.014598 0.011995 0.01182 0 0.0093281 0.0089392 0.0084296 0.0080261 0.0064507 0.0057633 0.0052432 0.0050983 0.0046862 0 0 0.002697 0.0024693 0.0023736 0.0017134 0 0.0010174 0.0010165 0 0.0007959 0.0001259 0
1 0.14095 0.10726 0.089975 0.085691 0 0.077819 0.065123 0 0.044432 0.039652 0.025948 0.025063 0 0.024778 0.023214 0.02212 0.021603 0.019709 0.019306 0 0.018209 0.015623 0.014145 0 0.013971 0.011954 0.011814 0.0099511 0 0.0089219 0.0086958 0.008481 0.0079979 0.0066482 0.0065154 0.006452 0.0063043 0.0031199 0.0020959 0 0.001994 0.0015437 0 0.0009796 0 0.0009242 0.0007888 0 0.0001292 9.56e-05 0
0 0.16677 0.08253 0.081266 0.059827 0 0.057543 0.046055 0.03954 0.037929 0.037316 0.034786 0.031698 0.030668 0 0.028253 0 0.02381 0.021768 0.021583 0 0.021521 0.016021 0.015903 0.015018 0 0.014057 0.013293 0.011394 0.0112 0.010985 0.010478 0.010215 0.0097657 0.0095921 0.0076464 0.007071 0.0035063 0.0033126 0 0 0.0023923 0.0012638 0.0012032 0.0011172 0 0.0010156 0.0004474 0 0.0002173 1.76e-05 0
0 0.1308 0.088328 0.078892 0.07241 0 0.067914 0.063627 0 0.060228 0.048959 0.044141 0.040384 0 0 0.034228 0.030036 0.024904 0.023216 0.021428 0 0.019244 0.017832 0.017359 0.017062 0 0.016744 0.012323 0.010492 0.010193 0.0091216 0.0055961 0.005589 0.0050524 0.004898 0.0039092 0 0.0034685 0.0034401 0 0 0.0031968 0.001743 0 0 0 0 0.0015351 0 0.0009696 0.0007332 0
0 0.12674 0.092529 0.076787 0.06756 0 0.060928 0.058598 0.044864 0 0.043561 0 0.041705 0 0.039732 0.038966 0 0.031416 0.028382 0.024452 0 0.024111 0.023276 0.022959 0.020238 0.01967 0.017584 0.014214 0.01327 0 0 0.011776 0.0096848 0.0075984 0.0060775 0.0057924 0.005066 0.0048452 0.0042759 0.0037952 0 0.0031685 0 0 0.0027147 0 0 0.0021128 0.0012717 0.0001487 0.0001284 0
1 0.12343 0.11181 0.077068 0.072389 0 0.066332 0.043319 0 0.039491 0.036565 0.0301 0.029435 0.028018 0.027029 0.026919 0.026116 0.023105 0.022514 0.020986 0 0.019806 0 0.018903 0.016972 0.016173 0.015915 0.014657 0.014631 0.014336 0.0081211 0.0079316 0.0072404 0.0068156 0.0064245 0 0.0058131 0.0054919 0.0045452 0 0 0.0042483 0 0.002303 0.0023012 0 0.0021371 0.0002662 0 0.000189 0.0001585 0
0 0.14164 0 0.12221 0 0 0.091967 0.075489 0.07191 0 0.071338 0.03951 0.03721 0 0.02961 0.027746 0 0.024033 0.023143 0.022637 0.022216 0.021919 0.021627 0.017732 0.017471 0.017399 0.017285 0.016214 0.010704 0 0.0099798 0.0099229 0.009115 0.0071442 0.0056635 0.0054772 0 0.0044115 0.0030063 0 0 0.0024802 0 0.0006532 0 0.0005757 0.0003331 0.0001937 0 0 3.46e-05 0
1 0.16111 0.10426 0.079299 0 0 0.069043 0 0 0.065828 0.063379 0.062406 0.058265 0.048186 0.029898 0 0 0.029541 0 0 0 0.026971 0 0.018954 0 0.015456 0.015228 0.015105 0.014995 0.014873 0.013609 0.011681 0.011567 0.011298 0.010803 0 0.0090225 0.0084758 0.0074248 0 0 0.0068364 0.0064078 0.0040808 0.0036913 0 0 0.0010654 0 0.0009318 0.0003014 0
1 0.19835 0.12736 0 0.087415 0.066421 0.061865 0.056519 0.051148 0.041099 0.041023 0 0.03461 0 0.024682 0.023557 0.022765 0 0.021991 0.01949 0 0.01785 0 0.015834 0.013036 0.011668 0.010112 0.0094953 0.008352 0 0.0073305 0.0055763 0.0033718 0.0032659 0.0032557 0.0026778 0.0025546 0.0024673 0.0015773 0 0 0.0013954 0.0007609 0 0 0 0 0.0006801 0 0.0002709 0.0001688 0
1 0.21567 0.13741 0.090555 0.08423 0 0.040557 0.037501 0 0.035422 0.032394 0.030054 0.027181 0.026457 0.025925 0.023626 0 0.022765 0.021378 0.019931 0 0.019121 0.017703 0.015979 0.0086602 0.0072534 0.0066685 0.0065427 0.0065164 0 0.0060425 0.0056202 0.0051504 0.0043108 0.0040426 0.003588 0.002443 0.0022492 0.0022062 0.00176 0 0.0010929 0.0009121 0 0 0 0 0.0008093 0 0.0001557 0.0001155 0
0 0.16385 0.10238 0.092415 0.075636 0 0.05598 0.051846 0.046867 0 0.03974 0.038091 0.035218 0 0 0.026357 0 0.025589 0.02518 0.025083 0 0.022868 0.019338 0.017672 0.016163 0.015845 0.013898 0.012905 0.01225 0.0097355 0 0.0089933 0.0089074 0.0088129 0.008258 0.004448 0.0038068 0.0037812 0.0018411 0 0 0.0017521 0 0.0014053 0 0 0.0012509 0.0009564 0 0.0006334 0.0002511 0
0 0.097306 0.080792 0.078192 0.072338 0 0.064363 0.058167 0.055463 0 0.052695 0.04306 0.041383 0 0.033522 0 0.031858 0.030017 0.027928 0.02298 0 0 0.022468 0.021668 0.020119 0.019184 0.019175 0.01833 0.016596 0.016225 0.010562 0.0076432 0.0066 0.0064069 0.0062518 0 0.0055428 0.0047883 0.0026565 0 0 0.0022755 0.0011801 0.0009305 0 0 0 0.0006217 0 0.0005359 0.0001755 0
0 0.10858 0.086803 0.078355 0.077245 0 0.063798 0 0 0.052712 0.051525 0 0.047036 0 0.045304 0.039302 0 0.033836 0.026527 0.02578 0 0.02507 0.022906 0.02232 0.021396 0.020321 0.019005 0.018975 0.014402 0.013972 0.01224 0.010094 0.009679 0.0093093 0.0083486 0.0069883 0 0.0069543 0.0064215 0 0 0.0043058 0.0036975 0.0026477 0 0 0.0018825 0.0010238 0.0007561 0.0003363 0.0001488 0
1 0.1214 0.099004 0 0 0 0.080995 0.079322 0.070161 0 0.059222 0.051142 0.050361 0 0.049754 0.048072 0.044829 0.034802 0.030617 0.029559 0.017026 0.016543 0 0.016352 0 0.015983 0.013283 0.011049 0.01085 0.010248 0.010137 0 0.0060464 0.0057697 0 0 0 0.0057046 0.0053389 0 0 0.0043788 0.0010647 0 0.0003339 0 0.0003012 0.0002492 0 0.0001006 0 0
0 0.11817 0 0.11138 0.091229 0 0.068751 0.061698 0 0 0.057217 0 0.053467 0 0 0 0.047018 0.04488 0.040524 0.03793 0 0.032527 0.030503 0.027262 0 0.02317 0.022665 0.019892 0.019717 0.013325 0.012123 0.011984 0.010838 0.010392 0.0072427 0.0069705 0 0.0049794 0.0048558 0 0 0.0032934 0.0022985 0 0 0 0.0012262 0.0011878 0 0.0009849 0.0002951 0
1 0.15491 0.10222 0 0 0 0.096889 0 0 0.083587 0.07408 0.065828 0.052776 0.049026 0.035038 0.033266 0.032224 0.028356 0.021545 0.021349 0 0 0 0.018709 0.018268 0.015945 0.015668 0.012802 0.011602 0 0.0098876 0.0083891 0.0082099 0.0065284 0.0056932 0 0.0034634 0.003099 0.002965 0 0 0.0022216 0.001992 0 0 0 0 0.0018419 0 0.0009158 0.0007053 0
0 0.2205 0.0889 0.083421 0.062448 0 0.055132 0.053849 0 0 0.04417 0 0.04314 0.042989 0.035193 0.034878 0.031075 0.021824 0.020504 0.019657 0 0.01523 0.014175 0.014152 0.013501 0.012259 0.011435 0.0071798 0.0062153 0.0060331 0.0058507 0.0056668 0.0054974 0.0051995 0.0047043 0.0041855 0.0027145 0.0018334 0.0015064 0 0 0.0013672 0 0 0.0012437 0 0.0010654 0.0005916 0 0.0005814 0.0001302 0
0 0.19488 0.11554 0.074083 0.069 0 0.059914 0.049485 0.048815 0.034307 0.033155 0.032885 0.028026 0 0.026013 0.02326 0.023175 0.021333 0.021303 0.015551 0 0.013036 0.012866 0.012178 0.011977 0 0.011674 0.0096856 0.0093516 0.0084998 0.0066301 0.0060687 0.0043227 0 0.0037826 0.0036493 0 0.0036243 0.0034772 0 0 0.0025926 0.0012787 0.0010629 0 0 0.0009497 0.0009485 0.0008714 0.0004739 0.0002834 0
0 0.12438 0.08209 0.076494 0 0 0.06857 0.066475 0 0 0.060548 0.060133 0.053442 0 0.053426 0.040633 0 0.035061 0.024291 0.023492 0 0.019541 0.018285 0.01751 0.015394 0.014264 0.013293 0.01198 0.011705 0.011286 0.011131 0.01092 0.010394 0.010269 0.009969 0.0080815 0 0.0070326 0.0069226 0 0 0.0059628 0.0044796 0.0040232 0.0025205 0 0 0.0022834 0 0.0022108 0.0015038 0
0 0.14834 0.062582 0.061235 0.058376 0 0.057802 0.056516 0 0.050231 0.049387 0.043608 0.038999 0 0.035976 0 0 0.030188 0.028924 0.025709 0 0.025357 0.024371 0.020968 0.01617 0.016097 0.014729 0.012514 0.012058 0.011485 0.011327 0.0108 0.010159 0.0087696 0.0075103 0.0074651 0.0071992 0.0070426 0.0065977 0 0 0.0060107 0 0.0058564 0.0035196 0 0.0026872 0.0019952 0 0.0011304 0.0003076 0
1 0.13457 0.08692 0.07377 0.061996 0 0.05611 0.054311 0 0.046312 0.044995 0.041109 0.039373 0 0.037307 0.033315 0.032929 0 0.032548 0.030092 0 0.023116 0 0.017888 0 0.016581 0.016033 0.015484 0.014473 0.013779 0.01289 0.0099602 0.00902 0.0085179 0.0082569 0.0058777 0.0053284 0.0050128 0.004551 0 0 0.0017997 0.001164 0.001099 0 0 0.0009799 0.0009671 0.0007138 0.0004872 0.0003622 0
1 0.1537 0.083236 0.078295 0.073902 0 0.072556 0 0 0.060478 0.052268 0.04834 0.041259 0.034078 0.03189 0.030639 0 0 0.028737 0.026574 0 0.020279 0 0.019079 0 0.01863 0.015868 0.015849 0.013247 0 0.012193 0.012082 0.010849 0.0087287 0.0075452 0.005962 0.0054346 0.0043211 0.0042488 0 0 0.0031759 0.0021935 0.0021066 0 0 0 0.0013049 0 0.000883 6.73e-05 0
1 0.1382 0.092038 0.085226 0.070438 0 0.066418 0 0 0.063116 0.060354 0.045143 0.037836 0 0.03746 0.034273 0 0.034205 0.031143 0.030951 0 0.025525 0 0.023156 0.023151 0.013329 0.013004 0.012239 0.010305 0.0073185 0.0061192 0.0061101 0.0054875 0.0054855 0 0.0046735 0.0040989 0.0034319 0.0029387 0 0 0.0019681 0 0.0019394 0 0 0.000995 0.0008337 0.000493 0.0004707 0.0001207 0
0 0.090393 0.087384 0.081009 0.075213 0 0.059208 0.047229 0.046529 0 0.045681 0.045645 0.041687 0.037639 0.032122 0.030538 0 0.02921 0.023791 0.022304 0 0.020726 0.015066 0.01484 0.014513 0 0.012911 0.012837 0.010612 0.0106 0.010207 0.0093987 0.0091907 0.009163 0.0089893 0.0086851 0.0070426 0.0063576 0.0051177 0 0 0.0046874 0.0045881 0 0.0026228 0 0 0.0022401 0 0.0020237 0.0020005 0
1 0.22034 0.15262 0.11111 0.056648 0 0.051906 0 0 0.041145 0.041007 0 0.029074 0.028999 0.027022 0.026492 0 0.025098 0.023015 0.023014 0 0.022257 0 0.019777 0.015963 0.015574 0.010818 0.0095714 0.0089713 0 0.008642 0 0.0074377 0.0063092 0 0 0.0034691 0.0033677 0.0029958 0.0022064 0 0.0020042 0.0010532 0.000891 0 0 0.0006316 0.0003966 0 0.0001382 3.29e-05 0
1 0.17966 0.10707 0.075576 0 0 0.0589 0 0 0 0.058811 0.04527 0.044883 0.042352 0.036402 0.034979 0.033174 0.031997 0.029031 0.027544 0 0.026392 0.018317 0 0.017687 0.01662 0.014614 0.013803 0.013632 0.012052 0.011154 0.0084971 0.0076706 0.0074269 0 0.0063713 0.0054344 0.0034421 0.0031122 0 0 0.0018709 0.0018688 0.0018029 0 0 0 0.0016885 0 0.0008808 1.49e-05 0
0 0.19145 0.11142 0 0.098941 0.07144 0.058028 0.048898 0 0.028023 0.025537 0.024374 0.023603 0 0.022904 0.022686 0.021721 0.021163 0.020247 0.019788 0 0.019657 0.018928 0.017188 0.01699 0.016642 0.015021 0.013835 0.012054 0.01174 0.010012 0.0074848 0.005024 0.0048188 0.0044916 0.0036105 0.0028652 0.002114 0.0020815 0 0 0.0017425 0 0 0.0010147 0 0 0.0009726 0 0.0008571 0.00063 0
1 0.088901 0.085805 0.078928 0 0 0.078448 0 0 0.063031 0.056086 0.053273 0.052858 0.039177 0.036385 0.027349 0.025952 0.024743 0.024212 0.02284 0 0.021437 0 0.021042 0.02097 0.019654 0.019583 0.018444 0.017046 0.01608 0.013458 0.013291 0.013172 0.0093681 0.0081241 0.008094 0.0058421 0.0045658 0.0036425 0 0 0.0027256 0.0024079 0 0.0010528 0 0 0.0009585 0 0.0008673 0.0001858 0
0 0.162 0.11382 0.074019 0.062326 0 0.061565 0.058543 0 0.05024 0.047332 0 0.046369 0 0.033021 0.030866 0.029346 0.029135 0.028876 0.025669 0 0.02538 0 0.024554 0.018019 0.012525 0.01004 0.0093851 0.0089612 0.0088609 0.0050315 0.0045649 0.0032238 0.0026975 0.0023167 0.0020714 0.0017024 0.0014112 0.0011756 0 0 0.0010227 0.0009842 0.0009297 0 0 0.00086 0.00058 0.0002499 0.0002088 0.0001168 0
0 0.19147 0.093372 0.079802 0.05396 0 0.052627 0.049238 0 0 0.042763 0.03727 0.034683 0 0 0.032066 0 0.031908 0.029398 0.027733 0 0.027603 0.026193 0.023924 0.022614 0.022107 0.015796 0.015038 0.014015 0.012096 0 0.010369 0.0087992 0.006279 0.005517 0.0054347 0.0050086 0.0047627 0.0041062 0 0 0.0040915 0 0 0.0027576 0 0.002365 0.0022184 0.0020331 0.0004429 0.0001353 0
0 0.12565 0.088787 0.085101 0.07657 0 0.074001 0.052606 0 0 0.051101 0.048463 0.038464 0 0 0.033599 0.030287 0.026827 0.024402 0.02377 0 0.022291 0.018446 0.017482 0.016905 0 0.015576 0.01497 0.014609 0.014296 0.010697 0.0097043 0.008376 0.0079027 0.0077578 0.0075299 0.0069535 0.0057047 0.005131 0 0 0.0047568 0 0.0042443 0 0 0.0037499 0.0019016 0.0008422 0.0004168 0.0001244 0
0 0.13161 0.10754 0.094634 0 0 0.07358 0.071503 0 0.053766 0.050187 0.042144 0.037483 0 0 0.033313 0 0.03067 0.026453 0.026119 0 0.022798 0.022402 0.021984 0.018283 0.016714 0.01647 0.013842 0.012927 0.010642 0.0082631 0.0080932 0.0065403 0.0064729 0.0061014 0.0052287 0.0051982 0.0046485 0.003622 0 0 0.0030539 0.0020874 0.0013318 0.0011527 0 0.0011436 0.0010438 0 0.0008466 0.0001109 0
0 0.16123 0.086783 0.084247 0.074692 0 0 0.064657 0.054711 0 0.054243 0.050126 0.041196 0 0 0.031251 0.028265 0.026846 0.026661 0.023477 0 0.02191 0.017886 0.016687 0 0.015297 0.01502 0.013415 0.012171 0.010759 0.0086355 0.0083276 0.0071707 0.0070038 0.0066214 0.0056715 0.005627 0.0050542 0.0047412 0 0 0.0031515 0.0018937 0.0010685 0 0 0.0010119 0.0008871 0.0007373 0.0006203 0.000242 0
0 0.12979 0.085055 0.07512 0.063913 0 0.055312 0.053875 0.052294 0 0.049747 0.045634 0.043893 0 0 0.037885 0.035329 0.033253 0.026014 0.024235 0 0 0.022786 0.021622 0.016634 0.01592 0.013809 0.013513 0.012817 0.012716 0 0.010569 0.0087593 0.0070328 0.0069825 0.0060272 0.0041931 0.0035795 0.0034256 0 0 0.0020534 0 0.00193 0.0011516 0 0.0010723 0.0008701 0 0.0006083 0.0005751 0
0 0.15673 0 0.096832 0.093524 0 0.074513 0.061046 0 0 0.056202 0 0.049626 0.049409 0 0.037205 0.036623 0.028869 0.026422 0.023934 0 0.023197 0.021804 0.017654 0.017201 0.016403 0.01504 0.014161 0.013051 0.012128 0.010963 0 0.010218 0.00946 0 0.0092466 0.0061052 0.0054438 0.0023083 0 0 0.0019129 0 0 0 0 0.0010197 0.0007939 0.0005602 0.0002942 0.0001015 0
0 0.092265 0.082126 0 0.074179 0.071385 0.068107 0.064256 0 0 0.052426 0.048796 0.045896 0.03949 0.039126 0.028195 0.025781 0.02399 0.021532 0.020651 0 0.018603 0.016128 0.014489 0.013908 0 0.013253 0.012125 0.011893 0.010797 0.010398 0.0099696 0.0092845 0.009246 0.0091691 0.0078085 0.0077579 0.0074564 0.0061559 0 0 0.0050781 0.0041069 0 0 0 0.0023056 0.0011272 0 0.0003868 0.0003555 0
1 0.20152 0.090838 0.078757 0.063943 0 0.053549 0 0 0 0.052429 0.045294 0.044626 0 0.04087 0.040265 0 0.034872 0.032057 0.025183 0.023889 0.022429 0 0.019461 0 0.019328 0.017682 0 0.016309 0.01509 0.011114 0.0087811 0.0085405 0.0083422 0 0 0.0068789 0.0048275 0.0042907 0 0 0.0036264 0.0029972 0 0 0 0 0.0010313 0 0.0008888 0.0002839 0
1 0.1789 0.142 0 0.078776 0 0.073968 0 0 0 0.065583 0.056427 0.043883 0 0.041446 0.036046 0.03322 0.032589 0.028964 0.024632 0 0.018737 0 0.017149 0.014277 0.013121 0.013001 0.013 0.011836 0.011266 0.010432 0.0091935 0.0086407 0.0054012 0.0041019 0 0.0038569 0.0030076 0.0018803 0 0 0.0012828 0.0009893 0 0.0009784 0 0 0.0005057 0 0.0004678 0.0004425 0
0 0.21247 0 0.13457 0.077164 0 0.051193 0.048739 0.047396 0 0.047364 0 0.045933 0 0.04069 0.034783 0.03135 0.029168 0.025756 0.018491 0 0.017218 0.017121 0.015195 0.013885 0.012585 0.010829 0.010762 0.010654 0 0.0065702 0.0057875 0.004052 0.0038653 0.0037424 0.0036193 0.003422 0.0034071 0.0024516 0 0.0023887 0.002354 0.0016563 0 0.0012427 0 0 0.0008687 0.0007577 0.0003523 0.0001442 0
0 0.12772 0 0 0.10911 0 0.081969 0.059357 0 0 0.055189 0.043415 0.040996 0 0.037911 0.032375 0.031565 0.030581 0.030145 0.029728 0 0.029348 0.028011 0.026535 0.026485 0 0.021275 0.018497 0.017863 0.012813 0.01236 0.012321 0.011945 0.011505 0.01098 0.01033 0.010287 0.0069415 0.0051602 0 0 0.0051358 0.0042556 0.0024798 0.0018024 0 0.0017335 0 0.0008845 0.000766 0.0002292 0
0 0.1194 0 0.10636 0.08676 0 0.064499 0.059747 0 0 0.058238 0.046834 0.0431 0.041534 0 0.041269 0.033989 0 0.031246 0.026537 0 0.023041 0.022773 0.022394 0.020758 0.018445 0.017804 0.016927 0.015185 0 0 0 0.014042 0.01361 0 0.013267 0.013035 0.0075058 0.0052102 0 0 0.0043287 0 0 0.0038204 0 0 0.0037221 0 0.0026594 0.00196 0
1 0.15205 0.1044 0 0 0 0.086336 0 0 0.077821 0.054284 0.053451 0.051873 0.047472 0.04744 0 0.046731 0.032608 0.028134 0.024177 0 0.023305 0 0.019088 0.018632 0.018483 0.017347 0.016181 0.014717 0 0.01438 0.0075757 0.0070994 0.0057053 0.0052095 0 0.0051491 0.0045497 0.0043948 0.0035056 0 0.0026646 0.0021592 0.0010168 0 0 0.0005707 0.0005383 0.0004332 0.0003716 0.0001486 0
0 0.15531 0 0 0 0 0.11886 0 0.1045 0 0.076617 0.074808 0.073086 0 0.044737 0 0.044434 0.041122 0.038228 0.025813 0 0.022023 0.020436 0.020118 0.018937 0.017071 0.015872 0.015748 0.012656 0.012458 0 0.011869 0.0088695 0.0060766 0 0.0054212 0.0051982 0.0032858 0.0030369 0 0 0.0022502 0 0.0010173 0 0 0 0 0 0.0001214 1.81e-05 0
0 0.15745 0.097161 0.079552 0.07668 0 0.07447 0.072126 0 0.054661 0.039838 0.037904 0.037588 0 0.030715 0.025299 0 0.023487 0.020965 0.018701 0 0.016349 0.014169 0.011334 0.010862 0.0098664 0.0094989 0.0092674 0.0091035 0.0089204 0.0075451 0.0069009 0.0064914 0.0063193 0.0049814 0.0048695 0 0.0043133 0.0028772 0 0 0.0020895 0 0.0020633 0.0018074 0 0 0.0017806 0 0.0010116 0.0009855 0
1 0.2041 0.10411 0 0.084597 0 0.084409 0.081642 0 0.04244 0.039124 0.037125 0.024542 0 0.021805 0.020878 0 0.01896 0.018496 0.018484 0 0.018016 0 0.017333 0 0.016674 0.016583 0.014563 0.011291 0 0.011168 0.010806 0.01065 0.010581 0.010255 0 0.0099253 0.0087382 0.00846 0 0 0.0067273 0.006018 0 0 0 0.0051089 0.0045961 0 0.0015981 0.0001947 0
0 0.14916 0.070165 0.059406 0.059153 0 0.058353 0.048477 0 0 0.048166 0.044322 0.037894 0 0.037687 0 0 0.034629 0.033837 0.029701 0 0.028982 0.028846 0.02838 0.022257 0.021831 0.021007 0.017156 0 0.01591 0.015788 0.01572 0.014949 0.0095721 0.0095024 0.0087207 0 0.0075994 0.0072329 0 0 0.0054117 0.0027184 0.0024772 0.0019771 0 0.0009594 0.0009046 0 0.0007965 0.0003506 0
0 0.10543 0.070828 0 0 0 0.066798 0.059616 0 0 0.059123 0.058784 0.058697 0 0.053297 0.04986 0.049831 0.04268 0.041891 0.035183 0 0.030144 0.025487 0.025114 0.018541 0.01702 0.016568 0.01515 0 0.01431 0 0.012267 0.012251 0.011157 0.011016 0.0090527 0.0067061 0.0048841 0.0040693 0 0 0.0035759 0.0030577 0.002985 0.002069 0 0.0012046 0.0007043 0 0.0003601 0.0002895 0
0 0.10346 0 0.066322 0 0 0.06505 0.062527 0 0 0.051189 0 0.050683 0 0.049954 0.046881 0.046872 0.045003 0.041982 0.036886 0 0.034025 0.03235 0.027193 0.024871 0.023391 0.021597 0.020829 0.020216 0.017154 0.016255 0.014865 0.012137 0.011299 0.010847 0.0091106 0.0077818 0.0077618 0.0073317 0 0 0.0070876 0 0 0 0 0 0.0031908 0 0.002663 0.0012332 0
0 0.16058 0.11462 0.10935 0.074787 0 0.070067 0.061557 0 0 0.06112 0 0.035521 0 0.03389 0 0.030599 0.028005 0.025413 0.024221 0 0.024061 0.020274 0.016938 0.016572 0.012271 0.012224 0.011759 0.0085671 0.007779 0.0069396 0.0058536 0.0057904 0.0056148 0.0037412 0 0.0028188 0.0020221 0.0018346 0.001826 0 0.0012203 0 0 0 0 0 0.0010494 0 0.0008277 0.0002871 0
0 0.1119 0 0.10553 0.096906 0 0.08432 0.070971 0 0.066425 0.051895 0 0.043206 0 0.037969 0 0.036089 0.033764 0.03063 0.027612 0 0.0241 0.022948 0.019179 0.0167 0.015166 0.012839 0.012048 0.012006 0 0.011383 0.0097389 0.009157 0.0083789 0.0082718 0 0 0.0053492 0.0048678 0.0043027 0 0.0024482 0.0010329 0.0010229 0 0 0.0007928 0.000385 0.0003616 0.0001636 0.0001439 0
1 0.11333 0.1031 0.081231 0 0 0.075491 0 0 0 0.073656 0 0.050794 0.042992 0.040778 0.040662 0.040547 0.039211 0.038091 0.034338 0 0.027468 0 0.024273 0.02379 0.023231 0.020526 0.017165 0.016991 0.011257 0.010299 0.0098161 0.0074816 0.0072614 0.0061566 0.0058401 0.0032753 0.0023833 0.0019205 0 0 0.0017392 0 0 0 0 0.0016014 0.0011224 0.0010233 0.0007926 0.0003634 0
1 0.13508 0.11086 0.062031 0.056859 0 0.054746 0.052716 0 0 0.051207 0.041634 0.040804 0 0.038348 0 0.037398 0 0.036939 0.036297 0 0.0324 0.032083 0.02342 0 0.022108 0.019955 0.018494 0.017735 0.012977 0.0094724 0.0093414 0.0091709 0 0 0 0.008919 0.0088314 0.0074097 0 0 0.0048697 0.0038151 0 0 0 0 0.0023732 0 0.0008645 0.0008467 0
1 0.1028 0.10136 0.085397 0.0773 0 0.070721 0.06662 0 0 0.060663 0.054907 0.03801 0 0.032372 0.029779 0.029524 0.022868 0.021318 0.020975 0.020499 0.018213 0 0.016884 0 0.013026 0.012915 0.012492 0.011118 0 0.01089 0.010782 0.009059 0.009036 0.0083938 0.0081358 0.0068591 0.0052621 0.0045716 0 0 0.0035422 0 0 0.0014725 0 0 0.001046 0 0.0010234 0.0001668 0
0 0.095538 0.091208 0.090446 0.088473 0 0.083497 0.051683 0 0 0.047905 0 0.042672 0.042294 0.030741 0.029052 0 0.027351 0.025526 0.025178 0 0.023876 0.021767 0.018486 0.017532 0.016122 0.015419 0.014895 0.012915 0.011437 0.011058 0.010289 0.0095705 0.0095189 0.0064962 0.0061406 0 0.0060907 0.004606 0 0 0.003306 0.0028386 0.0022878 0.001446 0 0.0009939 0.0007145 0 0.0005215 0.0001088 0
0 0.13762 0.13681 0 0.07519 0.065408 0.052149 0.047107 0 0 0.043672 0.039099 0.038681 0.037423 0 0.036765 0 0.032916 0.028604 0.021059 0 0.020332 0.02021 0.020036 0.018304 0.017415 0.01705 0.01561 0.013499 0.013169 0.011165 0.0097655 0.0066563 0.0064075 0.005019 0.0046668 0.0016177 0.0009599 0.0008967 0 0 0.000887 0.0008703 0 0 0 0.0008496 0.000712 0.0005751 0.0004864 0.0003368 0
0 0.15356 0.10736 0 0 0 0 0 0 0 0.095297 0.084016 0.072213 0 0.069806 0.061716 0.042917 0.039002 0.03494 0.030694 0 0.025556 0.021351 0.020807 0.020132 0.01591 0.01242 0.012312 0.011268 0.010544 0.0095033 0.0082748 0.007504 0.0065315 0.0054319 0.005385 0 0.0026505 0.0025656 0 0 0.0024769 0 0.0024332 0.0015115 0 0 0.0013591 0.0011982 0.0010719 0.0002823 0
1 0.099726 0.093206 0.082417 0.082202 0 0.06115 0.060149 0 0.053177 0.052547 0.045306 0.042643 0 0.038374 0.031608 0.030943 0.030298 0.024234 0.021569 0.019954 0.019319 0 0.0174 0.015336 0.010143 0.009941 0.0083749 0 0.0082484 0.0069639 0.0059887 0.0057038 0 0.0056289 0 0.0040169 0.0038379 0.0035914 0.0029063 0 0.001941 0.0008636 0 0 0 0 0 0 0.0001545 0.0001403 0
0 0.12829 0.12331 0.075444 0.071549 0 0.067574 0.054997 0 0 0.04758 0.041445 0.038655 0 0.036338 0 0.029541 0.029492 0.025254 0.025184 0 0.024379 0.020431 0.015935 0.015295 0 0.013573 0.013033 0.012984 0.012574 0 0.010997 0.0094224 0.0093492 0.0084277 0.0084265 0.0072824 0.0054945 0.0047924 0 0 0.0039224 0.0029847 0.0021416 0 0 0.0013871 0.0012389 0 0.0011848 0.0001013 0
0 0.096809 0 0 0.078301 0 0.072752 0 0 0.071395 0.070448 0.068989 0.063247 0.05149 0.049408 0.049331 0.043235 0.032882 0.026169 0.025409 0 0.025031 0.019213 0.018208 0 0.016275 0.016118 0.01357 0.013046 0.010632 0 0.0092505 0.0076058 0.0074885 0.0069715 0.0067124 0.0061874 0.0050248 0.0049813 0 0 0.0048055 0 0.0025247 0 0.0023191 0.0023115 0.0011715 0.0003609 0.0003122 1.38e-05 0
0 0.12364 0.091458 0.081261 0 0 0.065283 0 0 0 0.060557 0.050008 0.04882 0 0.048483 0.042753 0.036364 0.034465 0.032982 0.027572 0 0.025787 0.023682 0.021054 0.020325 0.019665 0.019269 0.01881 0.017983 0.017711 0.01449 0.0089985 0.0063501 0.0062889 0.0062104 0.0062071 0.0058392 0.0050185 0.0035502 0 0 0.0019857 0.0013576 0.0011663 0.0011483 0 0 0.0010874 0.001069 0.0010222 0.0002731 0
1 0.13277 0.11767 0 0.096028 0.070774 0.061204 0 0 0 0.060993 0.053496 0.046286 0 0.046149 0.04213 0.030927 0.028761 0.024981 0.022098 0 0.020158 0 0.014991 0.013202 0.012096 0.011249 0.0096547 0.0089579 0.0086699 0.0086415 0.0084784 0.0070282 0.0068028 0.0061018 0.0058348 0.0048484 0.0044212 0.0033151 0 0 0.0031695 0.0026054 0.0022782 0 0 0.0011102 0.0009049 0.0008749 0.0002342 9.86e-05 0
1 0.1006 0.096141 0.084325 0.070494 0 0.067268 0 0 0 0.066806 0 0.063791 0 0.052097 0.046692 0.043639 0.035282 0.031643 0.023223 0 0.021295 0 0.018305 0.017803 0.017668 0.016663 0.01623 0.014421 0.013062 0.012011 0.011027 0.010711 0.0081548 0.008069 0 0.0075226 0.0071013 0.006328 0 0 0.0038098 0.0030114 0 0.0020009 0 0 0.0017429 0 0.0008534 0.0002065 0
1 0.10862 0.092817 0.091468 0.071554 0 0.067966 0 0 0.063696 0.059087 0.056101 0.051557 0 0.037939 0.026252 0.026073 0.024898 0.021866 0.021356 0 0.020373 0 0.019071 0 0.018172 0.01806 0.015044 0.014792 0.013713 0.010959 0.010141 0.0087034 0.0057549 0.0046729 0 0.0035583 0.0033182 0.0023077 0 0 0.0022444 0 0.0021648 0 0 0.0019584 0.0013078 0.0012145 0.0008038 0.0004159 0
0 0.1027 0.097947 0.071174 0.069084 0 0.056679 0.050787 0 0.045625 0.041853 0.04117 0.040142 0 0.03925 0.029142 0.02824 0.027887 0.025508 0.023692 0 0.023228 0.021199 0.020417 0.020161 0.018476 0.01756 0.014914 0.0095186 0.0076906 0.0076778 0.0075179 0.0061038 0.0058278 0.0050519 0.0049274 0.0044855 0.0033566 0.0033135 0 0 0.0024926 0 0.0022798 0.0009441 0 0 0.0008297 0 0.0006085 0.0005396 0
1 0.17823 0.11306 0.093898 0.086208 0 0.08235 0 0 0 0.065825 0.054821 0.033287 0 0.03229 0.029868 0.029142 0.023968 0.023585 0.019121 0.017097 0.016551 0 0.014818 0 0.013608 0.011131 0.010096 0.0096672 0 0.0095104 0.0058627 0.005141 0.0049481 0.0046839 0.0038298 0.0020967 0.0017237 0.0013306 0 0 0.0009681 0 0 0 0 0 0.0009618 0 0.000168 0.000154 0
0 0.1844 0.11818 0.071844 0.063539 0 0.057208 0.045159 0 0.04318 0.041657 0 0.038772 0 0.031759 0 0 0.031074 0.030393 0.029869 0.029623 0.023542 0.020995 0.016786 0.014963 0.014827 0.013334 0.011586 0.011407 0.011381 0.010445 0.0065813 0.0053968 0.0038934 0.002893 0.002207 0 0.0021978 0.0021505 0 0 0.0016788 0.0014021 0.0012621 0.0011985 0 0.0011547 0.0011367 0 0.0005751 0.0003503 0
1 0.15383 0.12186 0.087205 0.086959 0 0.052941 0 0 0 0.046467 0.043648 0.038935 0.038499 0.038048 0.033458 0.033017 0.028722 0.026286 0.022539 0 0.016657 0 0.016362 0.016055 0.015405 0.013012 0.011288 0 0.0099956 0.0097413 0.0092337 0.0085267 0 0 0 0 0.0070159 0.0048741 0 0 0.0033737 0.0022725 0 0 0 0 0.0022225 0 0.000953 0.0005878 0
0 0.16415 0.14358 0 0.079884 0.070845 0.056683 0.049938 0 0 0.049316 0.035612 0.035008 0 0.034919 0 0.030681 0.028225 0.027994 0.027578 0 0.026908 0.026542 0.019064 0.018535 0.011878 0.0096359 0.0094472 0.0070659 0 0.0058323 0.0052481 0.005013 0.0045125 0 0.0035012 0.003441 0.0030256 0.0015568 0 0 0.0010488 0 0.0010144 0.0008524 0 0 0.0007207 0 0.0005889 0.000156 0
1 0.17537 0.15541 0.11877 0.077195 0 0 0 0 0.053482 0.04519 0.038763 0.036454 0.033545 0.026198 0.024547 0.023203 0.02248 0.022311 0.017434 0 0.015348 0.01371 0.013645 0 0.013526 0.010943 0.0096898 0.0091062 0.0087521 0.0070998 0.0051237 0.0045384 0.0044743 0.0033434 0 0 0.0030691 0.0029218 0 0 0.0019407 0 0 0 0 0 0.0009076 0 0.000768 0.0007523 0
0 0.098209 0.091595 0 0 0 0.088314 0.080116 0.066238 0 0.063186 0.059889 0.049845 0 0.041193 0.040347 0 0.03644 0.031538 0.031113 0 0.027952 0.025344 0.022694 0.02172 0.019256 0.018573 0 0.016847 0.016379 0.014545 0.0084648 0.0079866 0.0071826 0.0037866 0.0022969 0.0022687 0.0021929 0.0009919 0 0 0.0008671 0 0 0 0 0.0008413 0.0008223 0 0.0004998 0.000465 0
0 0.10164 0.095025 0.088347 0 0 0.081519 0.078714 0 0 0.068028 0.062622 0.046442 0 0.040806 0.038264 0.037074 0.033337 0.028128 0.020056 0 0.019324 0.014362 0.012992 0.01093 0.010735 0.01034 0.010279 0.0090361 0.0082109 0.0081437 0.0079834 0.0074202 0.0074068 0 0.0064107 0.0060759 0.0059619 0.0052569 0 0 0.0049984 0.0045544 0 0.003467 0 0 0.0033409 0 0.0017791 0.0009878 0
1 0.14121 0.12293 0.075747 0.066559 0 0 0.04859 0.045644 0 0.043583 0.042956 0.038689 0 0.037713 0.036158 0.030485 0.03047 0.028865 0.025421 0 0.022873 0.02114 0.021054 0.020229 0.019817 0.014889 0.011826 0.0099182 0.007703 0.0063336 0.0046141 0.0042871 0 0.0042022 0.0036398 0.0035424 0.0033684 0.0020676 0 0 0.0011411 0.0010888 0 0 0 0 0.0009272 0 0.0002175 9.69e-05 0
1 0.18602 0.08585 0.067654 0.062923 0 0.062665 0 0 0.058828 0.05748 0 0.041901 0.036585 0 0.032261 0.030608 0.028947 0.023742 0.0218 0 0.020435 0 0.015927 0.015468 0.015408 0.014868 0.014557 0.014342 0.013623 0.010564 0.0092481 0.0092064 0.0069176 0.0065053 0.0057534 0.0051753 0.0051422 0.0048366 0 0 0.0043869 0.004024 0 0 0 0.0022535 0.0021112 0 0.0017831 0.0002026 0
0 0.092722 0.082606 0.069741 0.065376 0 0.06236 0.056421 0.045882 0.045566 0.037709 0 0.037611 0 0.035452 0 0.033191 0.027525 0.027246 0.0272 0 0.026664 0.02511 0.023009 0.021524 0.017571 0.016924 0.016771 0.016408 0.015303 0 0.013352 0.012874 0.012623 0 0.012081 0.0061652 0.0039861 0.0035641 0 0 0.0023124 0.0020827 0.0016984 0 0 0 0.0013727 0 0.0010867 0.0009098 0
1 0.14785 0.1259 0.10737 0.074646 0 0.066041 0 0 0 0.049561 0.046061 0 0 0.045904 0.044375 0.034825 0.021925 0.021274 0.020734 0 0.020457 0 0.01861 0 0.018122 0.017751 0.017475 0.0156 0.012658 0.011848 0.011393 0.011051 0.010416 0.0075463 0 0.005084 0.0033507 0.0032119 0 0 0.0031653 0 0 0.0019592 0 0 0.0016747 0 0.0012114 0.0009407 0
1 0.14839 0.13155 0 0.097448 0.073021 0.067955 0.055071 0 0.054198 0.053502 0.043485 0.032839 0 0.031031 0.028218 0.019076 0.01706 0.016199 0.013603 0 0.011652 0 0.011339 0 0.011204 0.010626 0.01025 0.010106 0.0090847 0.0082098 0.0081537 0.0075274 0.0066881 0 0 0.0040429 0.0025603 0.0022341 0 0 0.0010585 0 0.0010063 0 0 0 0.0009856 0 0.000577 5.61e-05 0
0 0.12132 0.11219 0.10309 0.08753 0 0.07086 0.070008 0 0.043365 0.03995 0.039121 0.034266 0 0.031507 0.027358 0.02131 0.021245 0.019295 0.018174 0 0.015694 0.014847 0.011482 0.010539 0.0084705 0.0076949 0.007288 0.0071642 0.0069609 0.0060674 0.0057946 0.0055341 0.0053603 0 0.0050996 0.0043907 0.0043402 0.0038339 0 0 0.0030716 0.0014744 0.0013173 0 0 0 0.0011065 0 0.0010032 0.0008716 0
0 0.16054 0.095231 0.073637 0 0 0.072844 0.072541 0 0.051201 0.048843 0.044678 0.043893 0 0.037028 0.034854 0 0.031861 0.031498 0.025561 0 0.024893 0.022485 0.020149 0.017894 0 0.013841 0.011777 0.0099177 0.0085598 0.0079648 0.006765 0.0053249 0.0050535 0.0046558 0.0043041 0.0041093 0.0023948 0.0014655 0 0 0.00111 0 0.0010024 0.0009913 0 0 0.0008503 0 0.0002328 4.25e-05 0
0 0.1153 0.090113 0.079865 0.077057 0 0.061203 0.057021 0 0.055232 0.046345 0.038371 0.0356 0.029354 0.026432 0 0.023546 0.022154 0.020874 0.019336 0 0.018442 0.018326 0.017836 0.017177 0.016336 0.016216 0.014432 0.01322 0.010178 0.0088996 0.0082698 0.0080971 0.0080395 0.0078809 0.0036816 0.0032212 0.0032092 0.0022865 0.0020131 0 0.001357 0 0.0010641 0.0010138 0 0 0.0004339 0 0.0004065 0.0001544 0
0 0.11105 0.10637 0.09574 0.079785 0 0.065252 0.062079 0.04578 0 0.043586 0.042258 0.041327 0 0.040827 0.032043 0.028165 0.026143 0.025366 0.018591 0 0.017939 0.015506 0.013604 0.012822 0.011812 0.010211 0.0096246 0.0079492 0.0077732 0 0.0060299 0.0049937 0.0043663 0.0033364 0.0030387 0 0.0020935 0.0013234 0 0 0.0009854 0 0 0 0 0 0.0009767 0 0.0008113 0.0004451 0
1 0.13438 0.064526 0 0.062119 0 0.061463 0 0 0.051155 0.050234 0.047321 0.045976 0.043359 0.041186 0.041146 0.041047 0.040437 0.038172 0.030407 0 0.028911 0 0.02476 0 0.022699 0.022027 0.019683 0.019604 0.016338 0.013368 0.009375 0 0.0089375 0.0072654 0 0.0040993 0.0026306 0.0024669 0 0 0.0018593 0.0010696 0 0 0 0 0.0009249 0 0.0008982 0.0001504 0
1 0.26549 0.16523 0 0.1169 0 0.067955 0.048251 0 0.028833 0.02613 0.023189 0.02063 0.02007 0.018563 0.016654 0.01585 0.014882 0.014872 0.014562 0 0.014536 0 0.013858 0 0.013388 0.012958 0.010727 0.0090885 0.007435 0.0058056 0.005325 0.0050988 0.0048471 0.0043597 0 0.0041035 0.0027976 0.0026728 0.0020204 0 0.0008148 0.0007673 0.000761 0 0 0 0.0004491 0 0.0001227 0 0
1 0.20612 0.11887 0 0.091353 0.07816 0.069275 0.049207 0.046311 0.045804 0.043458 0.030114 0.026706 0.024891 0.024425 0.023591 0 0.01624 0.014688 0.014288 0 0.0085981 0 0.0081586 0.0077901 0.0069794 0.0059663 0.0057756 0.0057493 0 0.0052823 0.0038192 0.0034999 0.0029067 0.0026454 0.0020149 0.0019637 0.0017482 0.0008842 0 0 0.000846 0.0007261 0 0 0 0 0.0004809 0 0.0004546 0.0002136 0
1 0.12053 0.11121 0 0.080894 0.07749 0.072491 0 0 0 0.065117 0.054852 0.05202 0 0.044347 0.038061 0.034175 0.030221 0.029952 0.025074 0.024762 0.017508 0.01402 0.013648 0.011042 0.010664 0.010419 0.010236 0.00984 0 0.0079829 0.0066844 0.0064368 0.0055749 0.0030949 0 0.0030645 0.0030379 0.0017556 0 0 0.0011221 0 0 0 0 0.0009092 0.0008511 0.0004007 0.0003521 0.000149 0
