0.0020387 0 0.0071356 0 0.021407 0.042813 0 0 0.017329 0.074414 0.025484 0.053007 0.043833 0 0.0040775 0.034659 0.029562 0.081549 0 0.069317 0.018349 0.082569 0.053007 0.011213 0 0.0020387 0.027523 0.0010194 0.0091743 0.024465 0.018349 0.0040775 0.023445 0.071356 0.043833 0 0.0050968 0.0316 0.0091743 0.017329 0.022426 0 0.011213 0 0.0010194 0.0050968 1
0 0.065173 0.049898 0.0020367 0.019348 0.096741 0 0.0010183 0.009165 0.023422 0.015275 0 0.0040733 0.033605 0.059063 0.037678 0.0010183 0.043788 0.014257 0 0 0.020367 0 0.0010183 0.0081466 0.059063 0.0050916 0 0.057026 0 0.065173 0.016293 0.1222 0.0010183 0 0.074338 0 0.003055 0 0.0081466 0.038697 0 0.011202 0 0.033605 0 0
0 0 0.11531 0.037755 0.020408 0.0020408 0 0.073469 0 0.064286 0.038776 0 0.0010204 0 0.053061 0.017347 0.012245 0.047959 0.036735 0.0071429 0 0.041837 0.0081633 0.0020408 0 0 0.02449 0.011224 0 0 0 0.011224 0 0.23061 0.0010204 0.0040816 0.0081633 0.032653 0.044898 0.02449 0.0040816 0.0030612 0.016327 0 0.0040816 0 0
0 0 0.0040816 0.058163 0.030612 0.12041 0 0.027551 0 0.0010204 0.0030612 0 0.066327 0 0.015306 0.019388 0 0.021429 0.058163 0.057143 0 0.035714 0.043878 0.043878 0.022449 0.030612 0.026531 0.0071429 0.040816 0.0040816 0.012245 0.016327 0.0010204 0.044898 0 0.0020408 0.081633 0.030612 0 0.0010204 0.015306 0.029592 0.019388 0 0 0.0081633 0
0 0.064975 0.019289 0.054822 0.041624 0.010152 0.0050761 0.016244 0.02335 0.0050761 0.029442 0 0.0020305 0 0.04467 0.031472 0.029442 0.028426 0.04264 0.0030457 0 0.034518 0.078173 0 0.0060914 0.012183 0.025381 0 0.010152 0 0 0.054822 0 0.015228 0.11168 0.0040609 0.10761 0.011168 0.015228 0.0030457 0.0040609 0.028426 0 0 0.026396 0 0
0.0071138 0.03252 0.031504 0 0.053862 0 0 0 0.098577 0.028455 0.04065 0 0.022358 0 0.036585 0.0081301 0.017276 0.01626 0.0010163 0 0.0060976 0.019309 0.0030488 0.019309 0 0.073171 0.011179 0.011179 0 0 0.025407 0.0010163 0.012195 0.1128 0 0.013211 0 0.0060976 0.10061 0.0020325 0.057927 0.01626 0.023374 0 0.043699 0.047764 1
0 0.013292 0.0030675 0.11247 0 0.021472 0 0.07362 0.0010225 0.017382 0.0030675 0.023517 0.025562 0.0010225 0.031697 0.071575 0.030675 0.078732 0 0 0 0.042945 0.015337 0.037832 0 0.013292 0.029652 0.006135 0.043967 0.06544 0.0010225 0.01227 0.027607 0.027607 0 0.0071575 0 0.014315 0.014315 0.0010225 0.042945 0 0.0409 0.0010225 0.04499 0.002045 0
0 0 0.017329 0 0.029562 0.077472 0 0.0040775 0.012232 0.020387 0.0071356 0.012232 0.10499 0 0.0050968 0.18654 0 0.020387 0.027523 0.012232 0.0020387 0.042813 0.054027 0.0020387 0 0.0030581 0.054027 0.04893 0 0.015291 0.025484 0.0061162 0.033639 0.067278 0.046891 0.0091743 0 0.0061162 0 0 0.013252 0 0.0081549 0.0050968 0.019368 0 1
0 0.0030519 0.025432 0.039674 0.0081384 0.010173 0 0.0030519 0.036623 0.0010173 0.0020346 0 0.06409 0.0020346 0 0.0061038 0.013225 0.12716 0.047813 0.018311 0.019329 0.019329 0.0071211 0 0 0.0020346 0.03764 0.015259 0.0091556 0 0 0.17803 0.014242 0.088505 0.0081384 0 0 0 0.073245 0.025432 0.069176 0 0.0010173 0 0.024415 0 0
0 0.076375 0.0050916 0 0.02444 0.01222 0 0 0.013238 0.0071283 0.088595 0.003055 0 0 0.011202 0.010183 0.01833 0.046843 0 0 0.10489 0.045825 0.16395 0.003055 0 0 0.011202 0.0010183 0.0081466 0.0050916 0 0.015275 0.0081466 0.21589 0 0 0.01222 0.009165 0 0 0.027495 0.003055 0.01833 0 0.03055 0 1
0 0.00611 0.04277 0.04277 0.013238 0.02444 0 0.0071283 0.003055 0.0020367 0.0020367 0 0.017312 0 0.022403 0.010183 0.0050916 0.010183 0.010183 0.009165 0 0.043788 0.037678 0.057026 0 0.020367 0.057026 0.044807 0.14766 0 0 0.0020367 0.009165 0.028513 0.0050916 0.063136 0.044807 0.037678 0.027495 0.011202 0.12525 0 0.0040733 0 0.0050916 0 0
0 0.027467 0.033571 0.023398 0 0.016277 0 0.062055 0 0.0061038 0.029502 0 0.12208 0.0040692 0.11597 0.1119 0.0081384 0.014242 0 0.0061038 0 0 0.016277 0.041709 0.043744 0.012208 0.039674 0 0.0050865 0.0071211 0.0030519 0.077314 0 0.01119 0.0050865 0.0081384 0 0.0010173 0 0 0.079349 0 0.046796 0 0.021363 0 0
0 0.0071429 0.19388 0.0020408 0.0040816 0 0.013265 0.020408 0 0.20816 0.027551 0 0 0.0020408 0.0020408 0.013265 0.02551 0.069388 0.0061224 0 0 0.014286 0.013265 0.041837 0.005102 0.0020408 0.04898 0 0.0020408 0 0 0.0091837 0.015306 0.010204 0.010204 0.020408 0 0.11327 0.035714 0 0.022449 0 0.02449 0.0030612 0.013265 0 0
0 0.0030581 0.012232 0.091743 0.0010194 0.093782 0 0.0091743 0.0071356 0.092762 0.0316 0 0.0050968 0.023445 0.060143 0 0.025484 0.0081549 0.029562 0.0010194 0 0.0010194 0.075433 0.14373 0.089704 0 0.0091743 0.023445 0.040775 0 0.0020387 0.0010194 0.0010194 0.010194 0.0030581 0.017329 0 0.011213 0.0040775 0.01631 0.027523 0 0.0050968 0 0.022426 0 0
0.059063 0.0071283 0.020367 0 0.038697 0.01222 0 0 0.04277 0.016293 0.01833 0.017312 0.049898 0 0.0020367 0.0050916 0.0071283 0.15071 0 0 0.010183 0.0050916 0.0020367 0.035642 0 0.038697 0.09776 0.035642 0 0 0.0010183 0.021385 0.02444 0.0050916 0.06721 0.0010183 0 0 0.057026 0.078411 0.0010183 0 0.066191 0.0010183 0.0040733 0 1
0 0.0020325 0.021341 0.014228 0.015244 0.083333 0 0.014228 0.0020325 0.025407 0.011179 0.011179 0.0050813 0 0.004065 0.0010163 0.018293 0.089431 0.07622 0.0010163 0.0010163 0.010163 0.0050813 0.073171 0 0.083333 0.057927 0 0.012195 0 0 0.025407 0.004065 0.087398 0.018293 0.063008 0 0.0010163 0.004065 0 0.12907 0.004065 0.012195 0 0.013211 0 0
0 0.0050968 0.06524 0.0010194 0 0.0010194 0 0.050968 0.021407 0.13048 0.0040775 0 0.028542 0.015291 0.029562 0.023445 0 0.0061162 0.0020387 0.0020387 0 0.013252 0.025484 0.038736 0.0091743 0.012232 0 0.024465 0.035678 0 0 0.044852 0.0071356 0.14271 0 0.066259 0.0050968 0.040775 0 0 0.12029 0 0.018349 0 0.0091743 0 0
0 0.010204 0.0081633 0.044898 0.060204 0.0010204 0 0.0010204 0 0.0040816 0.013265 0 0.13265 0.0010204 0.031633 0.057143 0.0061224 0.068367 0.055102 0.0010204 0 0.034694 0.17041 0.07551 0 0.0010204 0.011224 0 0 0 0.0040816 0.02551 0.0071429 0.022449 0 0.011224 0 0.013265 0.0061224 0.015306 0.057143 0.022449 0.0040816 0 0.022449 0 0
0 0.062308 0.059244 0.039837 0.033708 0.040858 0 0.094995 0 0.071502 0.12155 0.0010215 0 0 0.0040858 0.043922 0.0091931 0.023493 0.0020429 0 0 0.0020429 0.0091931 0.0020429 0 0 0.0030644 0.034729 0.0020429 0.046987 0.0030644 0.085802 0.040858 0 0.016343 0.0051073 0 0.0071502 0 0.0030644 0.060266 0.0091931 0.012257 0 0.048008 0.0010215 0
0.0040733 0.010183 0.0081466 0.11609 0.009165 0.016293 0 0.0010183 0.045825 0.027495 0.0081466 0 0.0010183 0 0.009165 0.011202 0.033605 0.13238 0.0081466 0.010183 0 0.049898 0.04277 0.019348 0 0.013238 0.089613 0.037678 0.0071283 0.0071283 0 0.056008 0 0.010183 0.026477 0.021385 0.026477 0.034623 0 0.01833 0.01222 0 0.035642 0 0.038697 0.0010183 0
0 0.002045 0.01636 0.095092 0.0030675 0.0030675 0 0.02454 0 0.03681 0.0051125 0 0.0010225 0.00818 0.0030675 0 0 0.06953 0.0010225 0 0 0.047035 0.013292 0.055215 0.025562 0.048057 0.027607 0.0092025 0.063395 0.0030675 0.02045 0.10123 0.0051125 0.05726 0.010225 0.0010225 0 0.01636 0.023517 0.047035 0.15031 0 0.006135 0 0 0 0
0 0 0.070265 0.031568 0.031568 0.003055 0 0.0010183 0 0.12016 0.015275 0 0.03055 0.0010183 0.0010183 0 0.0010183 0.22505 0.022403 0.028513 0.01833 0.013238 0.003055 0.021385 0.076375 0.0040733 0.099796 0 0.00611 0 0 0.016293 0.0050916 0.003055 0.0010183 0 0.03055 0.010183 0.026477 0.0050916 0.0071283 0 0.06721 0 0.003055 0 0
0 0.0040858 0.0030644 0.033708 0.074566 0.1665 0 0.0091931 0.0020429 0.024515 0.039837 0 0.0040858 0.053115 0.013279 0.0081716 0.012257 0.0030644 0.042901 0 0 0.011236 0.011236 0.0081716 0.012257 0.022472 0.024515 0.016343 0.069459 0 0.015322 0.0061287 0.0020429 0.051073 0.0071502 0.033708 0.0010215 0.065373 0.036772 0.0071502 0.015322 0 0.0071502 0.0051073 0.076609 0 0
0 0.0020284 0.013185 0.022312 0.0010142 0.0010142 0 0.016227 0 0.043611 0.010142 0 0.079108 0 0.0081136 0.018256 0.0030426 0.022312 0.025355 0.068966 0 0.0081136 0.05071 0.010142 0 0.0010142 0.11562 0 0.015213 0.0030426 0.0020284 0.029412 0.059838 0.024341 0 0 0 0.15213 0 0.0020284 0.021298 0.037525 0.086207 0 0.046653 0 0
0 0.00818 0.087935 0.025562 0.0092025 0.014315 0.00409 0.010225 0.018405 0.013292 0.0030675 0 0 0.018405 0.00409 0.022495 0.04908 0.010225 0.034765 0.014315 0 0.047035 0.014315 0.01227 0.0071575 0 0 0 0.010225 0 0.051125 0.019427 0.021472 0.01636 0.12372 0.035787 0.0030675 0.00818 0.048057 0.011247 0.00409 0.0030675 0.093047 0 0.1227 0 0
0 0.024415 0.025432 0.094608 0.0020346 0.014242 0 0.074262 0.015259 0.0010173 0.067141 0 0 0.027467 0.0091556 0.017294 0.090539 0.062055 0.073245 0.024415 0 0.010173 0.0020346 0.039674 0 0.0071211 0.055951 0 0.018311 0.099695 0.0010173 0.012208 0.030519 0.012208 0.0010173 0.0020346 0 0.0020346 0.036623 0 0.0050865 0 0.012208 0 0.029502 0 0
0 0.0050761 0.08731 0.013198 0.0010152 0.06599 0 0.010152 0.0040609 0 0.017259 0 0.0020305 0.02132 0.026396 0.026396 0.059898 0.02335 0.0020305 0 0 0.043655 0 0.055838 0 0.0030457 0.032487 0 0 0.0071066 0 0.20609 0 0.0040609 0 0.0060914 0 0.017259 0.055838 0.04467 0.069036 0.079188 0.0020305 0.0020305 0.0060914 0 0
0.028513 0 0.009165 0 0.021385 0.031568 0.0010183 0.10285 0 0.040733 0.0071283 0.013238 0.022403 0.0010183 0.0071283 0.0040733 0.013238 0.0010183 0 0.01833 0 0 0.049898 0.0010183 0.0071283 0.027495 0.022403 0 0.013238 0.01833 0.0050916 0.052953 0.037678 0.019348 0.081466 0.043788 0 0.05499 0.078411 0.010183 0 0 0.00611 0 0.14562 0.0020367 1
0 0.019329 0.18922 0.02238 0.0040692 0 0 0.046796 0 0.046796 0 0 0 0 0.0091556 0.0010173 0.020346 0.029502 0.067141 0 0 0.01119 0.0010173 0.046796 0 0.0071211 0.020346 0.0050865 0.046796 0.013225 0 0.15361 0.028484 0.023398 0.0071211 0 0 0.043744 0.01119 0.0030519 0.07528 0.0091556 0.015259 0 0.02238 0 0
0 0 0 0.003055 0 0.003055 0 0.009165 0.019348 0.003055 0.010183 0 0.02444 0 0.026477 0.019348 0 0.014257 0.09165 0 0 0.015275 0.010183 0.026477 0 0.034623 0.11202 0 0.011202 0 0 0.03666 0.019348 0.01833 0 0.003055 0 0.12118 0.02444 0.03055 0.035642 0.010183 0.032587 0 0.2332 0.0010183 0
0.022358 0 0.0091463 0 0.034553 0.010163 0 0 0.063008 0.0030488 0.058943 0 0 0 0.030488 0.056911 0 0 0.0050813 0 0.098577 0.0020325 0.15142 0.023374 0 0 0 0.034553 0.011179 0.0050813 0.015244 0.0071138 0.025407 0.0081301 0 0 0 0.10467 0 0.027439 0.07622 0 0.014228 0.050813 0.050813 0 1
0 0 0.0040858 0.046987 0.015322 0.0030644 0.012257 0.016343 0 0.0010215 0.0020429 0 0.017365 0.0020429 0.019408 0.0061287 0 0.051073 0.032686 0.034729 0 0.075587 0.016343 0.0020429 0.10725 0 0.1287 0.029622 0.0061287 0 0.0010215 0.055158 0.0020429 0.028601 0.043922 0.015322 0.017365 0 0.035751 0.07048 0.023493 0.027579 0.0010215 0 0.048008 0 0
0 0 0.017259 0.092386 0 0.041624 0 0.019289 0 0.0081218 0.0060914 0 0.0010152 0.04467 0 0.0050761 0.046701 0.015228 0.085279 0.0030457 0 0.013198 0.0081218 0.033503 0.035533 0.0091371 0.08731 0.0081218 0.0020305 0.020305 0 0.0081218 0.029442 0.081218 0 0.0010152 0 0.072081 0.0081218 0.0060914 0.11878 0.031472 0.0071066 0 0.033503 0 0
0 0.0030769 0.0071795 0.017436 0.027692 0.010256 0.0051282 0.055385 0.0030769 0.0030769 0.0071795 0 0 0.012308 0.0082051 0.019487 0.050256 0.0030769 0.1159 0.0030769 0 0.0061538 0.042051 0.024615 0.02359 0 0.02359 0.0010256 0.0010256 0.0010256 0.026667 0.24718 0.0061538 0.019487 0.0071795 0.065641 0 0.0092308 0.022564 0.0030769 0.0061538 0 0.019487 0.046154 0.012308 0.033846 0
0 0 0.14898 0 0.035714 0.085714 0.0010204 0 0.053061 0.0030612 0.0030612 0.0030612 0.0020408 0 0.014286 0.033673 0 0.078571 0.013265 0.011224 0.0091837 0.022449 0.036735 0 0.0081633 0.0040816 0 0 0.0071429 0 0.017347 0.012245 0.0010204 0.065306 0.0020408 0.0061224 0 0.056122 0.028571 0.04898 0.052041 0.12449 0 0.0071429 0.0040816 0 1
0.012208 0.0010173 0.040692 0 0.014242 0.02238 0 0 0.013225 0.0071211 0.0010173 0 0.0030519 0 0.015259 0.0050865 0.014242 0.10783 0.0040692 0 0.052899 0.023398 0 0 0.038657 0.0091556 0.046796 0.015259 0.020346 0 0.010173 0.0061038 0 0.077314 0.016277 0 0 0.053917 0.0091556 0.050865 0.053917 0.023398 0.17396 0.012208 0.044761 0 1
0 0.017294 0.063072 0.040692 0.0040692 0.14547 0 0.0030519 0.028484 0 0.12004 0 0.0091556 0 0.034588 0 0.0030519 0.01119 0.0050865 0 0 0.012208 0 0.017294 0.010173 0.03764 0.076297 0 0.0020346 0.020346 0 0.035605 0 0.016277 0.018311 0.02238 0.024415 0.028484 0.047813 0.054934 0.028484 0 0.01119 0 0.050865 0 0
0 0 0.013279 0.028601 0.057201 0.02145 0 0.010215 0 0.010215 0.0091931 0 0.025536 0.040858 0.025536 0.074566 0.033708 0.075587 0.033708 0 0 0.031665 0.030644 0.039837 0.0081716 0.0040858 0.020429 0.0071502 0.10725 0.0040858 0.0020429 0.041879 0.010215 0 0.0071502 0.027579 0.0040858 0.016343 0.0081716 0.0040858 0.062308 0 0.045965 0 0.027579 0.029622 0
0 0 0.048008 0.048008 0.0010215 0 0 0.0040858 0.083759 0.0051073 0.0040858 0.0071502 0.0081716 0.0143 0.040858 0.017365 0.0040858 0.10317 0.0081716 0.033708 0 0.010215 0.037794 0.13994 0.0030644 0 0.0010215 0.029622 0.026558 0.010215 0 0.17773 0.0040858 0.041879 0.0020429 0 0 0.02145 0.0030644 0.0091931 0.020429 0.0010215 0 0.0010215 0.028601 0 0
0.07943 0.01833 0.088595 0 0.0020367 0.07332 0 0 0.014257 0.013238 0.18126 0 0.045825 0 0.032587 0.023422 0 0.020367 0.014257 0 0.0020367 0.04888 0.0040733 0.010183 0 0.0081466 0.0020367 0 0 0 0.009165 0.11303 0 0.059063 0.027495 0 0 0.0050916 0.032587 0.0020367 0.028513 0.0020367 0.003055 0 0.014257 0.021385 1
0 0 0.02132 0.0071066 0.0030457 0.02335 0 0.057868 0.0081218 0.048731 0.034518 0 0.0010152 0.070051 0.063959 0.0050761 0.0050761 0.073096 0.020305 0.0081218 0 0.080203 0 0.0030457 0.049746 0.0091371 0.0010152 0.058883 0.0020305 0.0060914 0 0.033503 0.016244 0.051777 0.056853 0.0040609 0.014213 0.050761 0.0050761 0.011168 0.015228 0.013198 0.0060914 0 0.060914 0 0
0.058045 0 0.027495 0 0.0020367 0.0020367 0.003055 0 0.0010183 0.04888 0.10489 0 0.045825 0 0.013238 0 0.10794 0.13747 0.0010183 0 0.0010183 0.056008 0.0010183 0.06721 0.022403 0.0020367 0.070265 0.08554 0 0 0.0010183 0.056008 0.003055 0.03055 0 0 0 0.0020367 0 0.0050916 0.0020367 0.015275 0.026477 0 0 0 1
0 0.01222 0.022403 0.01222 0.019348 0.045825 0 0.020367 0.015275 0.045825 0.087576 0 0.014257 0 0.0040733 0.0010183 0.0071283 0.082485 0.01833 0.0050916 0 0.043788 0.07332 0 0.003055 0 0.013238 0.0010183 0.0611 0.021385 0.0081466 0.0010183 0.0071283 0.057026 0.025458 0.0040733 0.0081466 0.031568 0.0010183 0.09776 0.12322 0 0.0040733 0 0 0.0010183 0
0 0 0.050916 0.0611 0 0.015275 0 0 0.084521 0.02444 0.066191 0 0.0071283 0.08554 0 0.014257 0.023422 0.0010183 0.0010183 0.015275 0 0 0.12118 0.023422 0 0.011202 0.020367 0 0.03055 0.0071283 0 0.074338 0.011202 0.045825 0.0050916 0 0.003055 0.11609 0.025458 0.0010183 0.022403 0.0010183 0.0010183 0.016293 0.01222 0.0010183 0
0 0 0.038815 0.027579 0.061287 0.0081716 0 0.073544 0 0.13585 0.079673 0 0.07763 0 0.0030644 0.023493 0.013279 0.032686 0.0040858 0 0.0040858 0.0040858 0.0040858 0.017365 0 0.0020429 0.0010215 0 0.010215 0.0020429 0.0020429 0.087845 0 0.094995 0.0051073 0 0.023493 0.082737 0.0010215 0.016343 0.035751 0.0020429 0.020429 0 0.0040858 0 0
0 0.0010163 0.041667 0.012195 0.061992 0.057927 0 0.004065 0.068089 0.012195 0.0010163 0.0010163 0.0081301 0 0.17683 0 0.0091463 0.0071138 0.004065 0.014228 0 0 0.0030488 0.0091463 0 0.050813 0.022358 0 0.063008 0 0.086382 0.045732 0 0.054878 0.043699 0 0.010163 0.038618 0.0010163 0.004065 0.037602 0 0.033537 0 0.015244 0 0
0 0.033673 0.011224 0.056122 0.0091837 0.055102 0.0030612 0.018367 0.0010204 0.019388 0.014286 0 0.071429 0 0 0.038776 0.018367 0.02551 0.011224 0.0030612 0 0.044898 0.045918 0.011224 0.0040816 0 0.093878 0.0091837 0.07551 0 0.0010204 0.05102 0.014286 0.016327 0 0.012245 0.0030612 0.010204 0.018367 0.0010204 0.11531 0.026531 0.015306 0 0.040816 0 0
0 0 0.073394 0.14475 0.011213 0.0071356 0 0.073394 0.036697 0.013252 0.075433 0 0.0010194 0 0.0010194 0.0316 0.0091743 0.033639 0.012232 0.0040775 0 0.034659 0.0050968 0.0010194 0.0020387 0.0316 0.0040775 0.025484 0.053007 0.028542 0 0.024465 0.0061162 0.025484 0.019368 0.034659 0 0.0040775 0.0020387 0 0.03262 0 0.10499 0 0.03262 0 0
0 0 0.019408 0.027579 0.034729 0.072523 0 0.0061287 0.11134 0.0010215 0 0.0010215 0.050051 0 0.033708 0.013279 0.0040858 0.042901 0.031665 0.068437 0 0.030644 0.018386 0.0143 0.017365 0.0051073 0.0030644 0.028601 0 0 0 0.086823 0.0061287 0.0143 0.024515 0.053115 0.018386 0.026558 0.0061287 0.011236 0.055158 0 0.031665 0 0.030644 0 0
0 0 0.182 0.092025 0.043967 0 0 0.062372 0.0092025 0.00409 0.011247 0 0.002045 0 0.011247 0.03272 0 0.031697 0.014315 0.033742 0 0.067485 0.035787 0.02454 0 0.097137 0.006135 0.03272 0 0.011247 0.0010225 0.048057 0 0.055215 0.0030675 0 0.0030675 0.026585 0.002045 0.006135 0.023517 0.006135 0 0 0.019427 0 0
0 0.0020367 0.011202 0.0071283 0.07332 0.053971 0 0.083503 0 0.009165 0.0020367 0 0.0010183 0.12016 0 0.10489 0.092668 0.032587 0.12525 0.0010183 0 0.0081466 0.025458 0.01833 0 0 0.016293 0.011202 0.009165 0.035642 0 0 0.019348 0.023422 0.027495 0.003055 0.053971 0.00611 0 0 0.011202 0 0.003055 0 0.0081466 0 0
0 0.0020305 0.019289 0.032487 0.0020305 0.024365 0 0.0040609 0.02335 0 0.048731 0 0.046701 0.018274 0.02132 0.040609 0.0071066 0.045685 0.041624 0.028426 0 0.04264 0.11269 0.026396 0.010152 0.0020305 0.019289 0 0.034518 0.11066 0.0071066 0.053807 0.0010152 0.050761 0.057868 0 0 0.015228 0 0.0020305 0.04264 0 0 0 0.0050761 0 0
0.1264 0 0.0071356 0 0.043833 0.011213 0 0 0.0081549 0.018349 0.081549 0.0020387 0.012232 0 0.0071356 0.012232 0.0010194 0.015291 0.020387 0.0020387 0 0.030581 0.010194 0.055046 0.0030581 0.0040775 0.03262 0.0020387 0.0010194 0.0030581 0.083588 0.019368 0.0061162 0.043833 0.017329 0 0 0.071356 0.014271 0.071356 0.066259 0 0 0 0.095821 0 1
0 0 0.017294 0 0.10783 0.032553 0 0 0.0081384 0.020346 0.0071211 0.0010173 0 0 0.0081384 0.050865 0.0030519 0.0061038 0 0 0.07528 0.014242 0 0.017294 0.02238 0.078332 0.016277 0.0040692 0.036623 0.0030519 0.041709 0.0010173 0.0030519 0.039674 0.0061038 0 0 0.13225 0.080366 0.0020346 0.10987 0 0.032553 0 0.021363 0 1
0.0091463 0.0030488 0.0030488 0 0.12398 0.029472 0.0060976 0.0010163 0.035569 0.0020325 0.0020325 0.0060976 0.0020325 0 0.004065 0.03252 0.0030488 0.033537 0 0.11179 0.11789 0.01626 0.027439 0.023374 0.012195 0 0.059959 0.011179 0.036585 0.004065 0.010163 0.096545 0.0010163 0.017276 0 0 0.0030488 0.0030488 0.0071138 0 0.013211 0.038618 0.0081301 0 0.083333 0.0010163 1
0.087398 0 0.066057 0 0.029472 0.071138 0.0060976 0.0081301 0.053862 0.012195 0.0010163 0.0030488 0.027439 0 0 0.035569 0.043699 0.013211 0 0.0091463 0.0081301 0.004065 0.11687 0.028455 0.0020325 0.031504 0.013211 0 0 0.10264 0.0010163 0.018293 0 0.027439 0 0.0050813 0 0.079268 0 0.0060976 0.050813 0 0.0081301 0 0.029472 0 1
0 0 0.089613 0.03666 0.00611 0.031568 0.013238 0.08554 0.064155 0.026477 0.049898 0 0.009165 0 0.011202 0.021385 0.009165 0.066191 0 0.0081466 0 0.01222 0.023422 0.0081466 0 0.003055 0.021385 0.014257 0.029532 0.050916 0.031568 0 0 0.0081466 0.013238 0 0 0.069246 0.10081 0.015275 0.0081466 0.0020367 0.0020367 0 0.058045 0 0
0.0050865 0.0010173 0.095626 0 0.018311 0.0081384 0 0.018311 0.0071211 0 0.0030519 0.0071211 0.072228 0 0.023398 0.0010173 0.012208 0.045778 0 0.0030519 0.0081384 0.055951 0.051882 0.0040692 0.0030519 0.22075 0.036623 0.0050865 0.0061038 0.034588 0.018311 0.04883 0.02238 0.02645 0.0081384 0.0030519 0 0.066124 0 0.031536 0.0040692 0 0.012208 0 0.01119 0 1
0 0 0.024415 0.02238 0.0061038 0 0 0.0061038 0 0.10275 0.016277 0 0.049847 0 0.077314 0.08647 0 0.032553 0 0.021363 0 0.0050865 0.0010173 0.014242 0.01119 0 0.0061038 0.0061038 0.0061038 0 0 0.059003 0 0.0010173 0 0 0 0.26653 0.0020346 0.0020346 0.031536 0.018311 0.065107 0 0.059003 0 0
0 0.011247 0.0071575 0.034765 0.03272 0.083845 0.002045 0.048057 0.002045 0.0051125 0 0.0071575 0.060327 0 0.12883 0.064417 0.035787 0.043967 0 0.0010225 0 0.011247 0.02454 0.051125 0 0.0030675 0.0071575 0.023517 0.03272 0.015337 0.0030675 0.10429 0.038855 0.0051125 0 0.04499 0 0.02045 0.0010225 0 0.0030675 0.023517 0.002045 0 0.01227 0.00409 0
0 0 0.025458 0.04277 0.0010183 0.0010183 0 0.022403 0.038697 0.017312 0.031568 0.0010183 0.027495 0 0.0081466 0.03666 0.04277 0.04277 0 0.0081466 0 0.0071283 0 0.014257 0.029532 0.17108 0.047862 0 0.01222 0.0020367 0 0.019348 0.0010183 0.010183 0 0.23625 0 0.01222 0.014257 0.029532 0.0071283 0.0010183 0.015275 0 0.022403 0 0
0.034623 0 0.026477 0 0.003055 0.035642 0 0 0 0.15682 0.022403 0.0020367 0.0050916 0 0.016293 0.01833 0.0081466 0.009165 0.026477 0.029532 0.010183 0.0010183 0.046843 0.084521 0.014257 0.051935 0.014257 0.003055 0 0.021385 0.017312 0.0050916 0.080448 0.020367 0.017312 0.0071283 0 0 0.0020367 0.0040733 0.023422 0.0010183 0.11507 0 0.019348 0.045825 1
0 0 0.025432 0.0091556 0.051882 0.0061038 0.0010173 0 0 0.013225 0.14751 0 0.0061038 0.016277 0.0091556 0 0.0081384 0.027467 0.089522 0 0.0010173 0.034588 0.0040692 0.019329 0.0010173 0.053917 0.0040692 0.055951 0.0030519 0.092574 0 0.0081384 0.01119 0.06409 0.041709 0 0 0.043744 0.0050865 0.044761 0.0091556 0 0.057986 0 0.033571 0 0
0 0.021385 0.086558 0.050916 0 0.03666 0 0.0050916 0.13136 0.003055 0 0 0.0050916 0.0050916 0.02444 0.02444 0.0010183 0.019348 0.0071283 0.0010183 0 0 0.02444 0.05499 0.02444 0.095723 0.013238 0.031568 0.003055 0.0040733 0 0.077393 0.003055 0.0040733 0.009165 0.0020367 0 0.0071283 0.057026 0.047862 0.009165 0.0010183 0.057026 0 0.050916 0 0
0 0.063136 0 0.027495 0 0.0071283 0.04888 0.058045 0.057026 0.025458 0.0020367 0 0.0010183 0.0071283 0.023422 0.025458 0.023422 0.0081466 0 0.080448 0.027495 0.015275 0 0.013238 0 0.0071283 0.0071283 0.00611 0.0020367 0 0.003055 0.14053 0.066191 0.00611 0 0.0071283 0 0.053971 0.016293 0 0.011202 0 0.0020367 0.003055 0.14155 0.01222 0
0 0.003055 0.019348 0.066191 0.05499 0.014257 0.0020367 0 0.10081 0.0081466 0.003055 0 0.026477 0.038697 0.021385 0.013238 0.050916 0.015275 0.0010183 0 0 0 0.0020367 0.009165 0.03666 0.019348 0.01222 0.10489 0.040733 0.025458 0.0020367 0.020367 0.031568 0.029532 0.003055 0.0010183 0.0020367 0.013238 0 0.0071283 0.021385 0 0.003055 0.10183 0.074338 0 0
0.023422 0.009165 0.0050916 0 0.029532 0.026477 0.0040733 0.10285 0.031568 0 0 0 0.029532 0 0.003055 0.03666 0.022403 0.026477 0 0.01222 0.0081466 0.009165 0.0020367 0.017312 0.0040733 0.0040733 0.072301 0.078411 0.015275 0.009165 0.009165 0.06721 0.03666 0.04888 0.0010183 0.0040733 0.003055 0.075356 0.0050916 0.10285 0.029532 0.0010183 0.032587 0 0.0010183 0 1
0 0.0050761 0.045685 0.0060914 0.029442 0.038579 0 0.030457 0.011168 0.0071066 0.0010152 0 0 0 0.0020305 0.081218 0.0081218 0.036548 0.092386 0 0 0.024365 0.029442 0.072081 0.0060914 0 0.038579 0 0.0010152 0.0010152 0 0.013198 0.015228 0.0020305 0.045685 0 0 0.10964 0.074112 0.034518 0.086294 0 0.0030457 0 0.013198 0.035533 0
0.0030488 0 0.038618 0 0.017276 0.028455 0.0010163 0.0081301 0.004065 0.13008 0.0020325 0.012195 0.015244 0 0.072154 0.01626 0.017276 0.018293 0 0.051829 0 0.0010163 0.0071138 0.04065 0 0.078252 0.17073 0 0.0010163 0.0060976 0.0071138 0.083333 0.059959 0.014228 0.0091463 0.0081301 0 0.0050813 0.0020325 0.046748 0.0081301 0 0.0081301 0 0.0050813 0.0020325 1
0.021363 0.045778 0.018311 0 0.042726 0.0020346 0 0 0.034588 0.10071 0.030519 0.0050865 0.0081384 0 0.032553 0.0020346 0.012208 0.036623 0.087487 0 0.0091556 0 0.0020346 0.0091556 0.020346 0.059003 0.012208 0.0010173 0.017294 0 0.02645 0.062055 0.015259 0.019329 0.071211 0.0010173 0 0.013225 0.06002 0.041709 0.042726 0.015259 0.018311 0 0.0030519 0 1
0 0.0020346 0.0071211 0.025432 0.039674 0.0071211 0 0 0 0.0061038 0.061038 0 0.014242 0 0 0.085453 0.0091556 0.0050865 0.0010173 0 0 0.083418 0.063072 0.014242 0 0.0061038 0.02238 0 0.03764 0 0 0.13835 0.017294 0.2238 0.010173 0 0 0.0030519 0.012208 0.039674 0.030519 0 0 0 0.028484 0.0061038 0
0.019329 0.0040692 0.024415 0 0.038657 0.0030519 0 0 0.021363 0.010173 0.078332 0.014242 0.0071211 0 0 0.0030519 0.012208 0.10478 0.0050865 0.036623 0.0091556 0.065107 0.0061038 0.0010173 0.0030519 0.014242 0.089522 0 0.015259 0 0.062055 0.0020346 0.057986 0.0071211 0.0030519 0 0 0.054934 0 0.11597 0.069176 0 0.03764 0.0010173 0.0030519 0 1
0 0.003055 0.07332 0 0.0050916 0 0 0 0.10998 0 0.0010183 0 0.071283 0.035642 0.064155 0.0020367 0.034623 0.019348 0.01222 0.040733 0 0.046843 0.032587 0 0.09776 0.011202 0.068228 0 0.023422 0.011202 0.052953 0.010183 0.01222 0.01833 0.0040733 0.013238 0 0.0081466 0.0611 0.0020367 0.01222 0.003055 0.0010183 0 0.0081466 0.029532 0
0 0.016244 0.0081218 0.017259 0.0081218 0.073096 0.011168 0.027411 0 0.0010152 0 0 0.049746 0 0.022335 0.050761 0.013198 0.0020305 0.19086 0.0030457 0 0.032487 0.022335 0.051777 0 0.013198 0 0.0010152 0.028426 0.02132 0.013198 0.0030457 0.0040609 0.02335 0.0020305 0.1198 0.055838 0.010152 0.02132 0.014213 0.039594 0.0040609 0.02335 0 0.0010152 0 0
0.063395 0.00409 0.0030675 0.03681 0.0409 0.00818 0 0 0.0030675 0.0071575 0.0010225 0 0 0 0.010225 0.026585 0.030675 0.047035 0 0.002045 0.03681 0.034765 0.010225 0.0071575 0.0051125 0.022495 0 0.0092025 0.092025 0.0010225 0.13804 0.04499 0.047035 0.0030675 0.0010225 0.011247 0 0.12168 0.002045 0.050102 0.00409 0.00409 0.00409 0 0.06544 0 1
0 0.0020325 0.028455 0 0.023374 0.0050813 0 0.13313 0 0.011179 0.047764 0 0.014228 0.033537 0.047764 0.070122 0.075203 0.053862 0.10264 0.0020325 0 0 0.033537 0.015244 0 0 0.0060976 0.0020325 0 0.041667 0 0.10264 0.004065 0.063008 0 0 0 0.020325 0 0.0010163 0.0030488 0 0.045732 0 0.011179 0 0
0 0.02238 0.019329 0.023398 0.017294 0.062055 0 0.0081384 0 0.078332 0.079349 0 0.068159 0 0.0010173 0.025432 0.0020346 0.034588 0.017294 0.03764 0 0.0071211 0.016277 0.034588 0.062055 0.078332 0.018311 0.0091556 0.029502 0 0 0.02645 0.0040692 0.0071211 0.0091556 0.034588 0 0.023398 0.0061038 0.052899 0.021363 0.0030519 0.0030519 0 0.056968 0 0
0.020346 0 0.017294 0 0.0091556 0.010173 0 0.0020346 0.13733 0.017294 0.0061038 0.0091556 0.091556 0 0.0071211 0.042726 0.053917 0.041709 0.0020346 0 0.02238 0 0.13835 0.0010173 0 0.0030519 0.0010173 0.053917 0.023398 0 0.02645 0.036623 0.010173 0.071211 0.0040692 0 0 0.02238 0.0010173 0.012208 0.02645 0 0.055951 0 0.02238 0 1
0 0 0.099182 0.022495 0.075665 0.002045 0 0.05317 0.019427 0.01636 0.050102 0 0 0.027607 0 0.019427 0.01227 0.02863 0.022495 0.002045 0 0.0071575 0.02454 0.00818 0.021472 0.002045 0.0092025 0.0030675 0 0.060327 0.0010225 0.03272 0.0030675 0.093047 0.00818 0.06544 0 0.10123 0.00409 0 0.054192 0.030675 0 0 0.019427 0 0
0 0.011202 0.0010183 0.062118 0.010183 0.013238 0.0010183 0.01833 0.0020367 0.01833 0.0071283 0 0.0040733 0.025458 0.031568 0.01833 0.01222 0.03055 0.0040733 0.00611 0 0.032587 0.0010183 0.080448 0.00611 0.016293 0.0050916 0.0020367 0.011202 0.18228 0.017312 0.01222 0.11507 0.0020367 0.009165 0.07332 0 0.038697 0 0.0010183 0.01222 0.019348 0.009165 0 0.076375 0 0
0.020367 0 0.096741 0 0.0010183 0.053971 0 0.027495 0.057026 0.033605 0.035642 0.003055 0 0 0.04277 0.050916 0.027495 0.009165 0.0010183 0.015275 0.0071283 0.009165 0.015275 0.0010183 0.0010183 0.009165 0.01222 0.0010183 0.011202 0 0.11813 0.019348 0 0.0020367 0.010183 0.02444 0 0.1334 0 0.003055 0.019348 0 0.094705 0 0.03055 0.0020367 1
0 0.0061224 0.016327 0.063265 0.12041 0 0 0.026531 0 0.042857 0.0030612 0 0 0 0.018367 0 0.0030612 0.072449 0.018367 0.005102 0 0.011224 0 0.044898 0 0.0030612 0.022449 0 0.0061224 0.021429 0 0 0.077551 0.076531 0.0010204 0.02551 0.023469 0.016327 0 0.15408 0.095918 0 0.0040816 0.019388 0.0010204 0 0
0 0.0061224 0.017347 0.052041 0.020408 0.030612 0 0.005102 0 0.0010204 0 0 0 0.0040816 0.065306 0 0 0.0010204 0.035714 0.068367 0 0.0020408 0.022449 0.02551 0.011224 0.02551 0.13571 0.0040816 0.030612 0.0040816 0.0071429 0.21735 0.026531 0.02551 0.039796 0 0.071429 0 0.0071429 0 0.026531 0.010204 0 0 0 0 0
0.043744 0 0.032553 0 0.012208 0 0 0 0.098678 0.018311 0 0.0020346 0.046796 0 0.0010173 0.0050865 0.01119 0.039674 0.1414 0.0050865 0.030519 0 0.027467 0.012208 0.019329 0.033571 0.088505 0.0040692 0 0.0030519 0.068159 0.07528 0 0.0020346 0.010173 0 0 0.0091556 0.0010173 0 0.019329 0.010173 0.0010173 0 0.12716 0 1
0 0.052953 0.0020367 0.010183 0.0040733 0.00611 0 0.010183 0 0.034623 0.0020367 0 0.068228 0.0010183 0.0020367 0.078411 0.015275 0.088595 0.037678 0.038697 0 0.017312 0.023422 0.038697 0 0.011202 0.03055 0.0081466 0.060081 0 0.0010183 0.017312 0.01833 0.094705 0.0010183 0.020367 0 0.013238 0 0.020367 0.10081 0 0.017312 0 0.053971 0 0
0 0.018405 0.034765 0.02454 0.0051125 0.00409 0 0.059305 0.011247 0.0092025 0.014315 0 0.027607 0.0030675 0.018405 0.010225 0.015337 0.030675 0.0051125 0.059305 0 0.0010225 0.04908 0.019427 0 0.0010225 0.039877 0.0092025 0.011247 0.006135 0.006135 0.058282 0.048057 0.1135 0.16258 0.006135 0 0.07771 0.0071575 0.002045 0.01636 0 0.014315 0 0 0 0
0 0.12627 0.050916 0.017312 0.058045 0.021385 0 0 0.11202 0.095723 0.0020367 0 0.029532 0.01833 0.00611 0.019348 0.023422 0.027495 0 0 0 0.050916 0.0020367 0.01222 0.052953 0.0040733 0.031568 0.057026 0.053971 0.050916 0 0.0040733 0.013238 0.020367 0 0.00611 0.020367 0 0 0 0.009165 0 0 0 0.003055 0 0
0.0051073 0 0 0 0.044944 0.0020429 0 0.0061287 0.039837 0.053115 0 0.044944 0.048008 0 0.073544 0.012257 0.025536 0.06333 0.0051073 0 0.0030644 0.017365 0.025536 0.027579 0.028601 0.023493 0.028601 0.0020429 0.034729 0.090909 0.024515 0.054137 0 0 0.039837 0.0040858 0 0.07763 0.013279 0.015322 0.034729 0 0.030644 0 0 0 1
0 0.011213 0.06422 0.14271 0.014271 0.019368 0 0.0010194 0.018349 0.033639 0.0030581 0 0.015291 0 0.0071356 0.050968 0 0.0061162 0.21101 0.0071356 0 0.0061162 0.018349 0 0.03262 0.012232 0.010194 0.0020387 0 0.017329 0 0.023445 0.0030581 0.012232 0.017329 0.078491 0.037717 0.030581 0 0.0020387 0.014271 0.055046 0.0091743 0 0.012232 0 0
0 0.0030612 0.02551 0.0040816 0 0.046939 0 0.015306 0.083673 0.005102 0 0.0091837 0 0 0 0.039796 0.0020408 0.045918 0.084694 0.026531 0 0.010204 0.016327 0 0 0.0020408 0.028571 0.0010204 0.010204 0.042857 0 0.017347 0.0061224 0.16122 0.087755 0.038776 0 0.12143 0.010204 0.005102 0.014286 0 0.017347 0.012245 0.005102 0 0
0.0061162 0.0081549 0.0316 0 0.095821 0.027523 0 0.0030581 0.063201 0.056065 0.035678 0.025484 0.0071356 0 0.011213 0.0061162 0.072375 0.059123 0.010194 0 0.067278 0.0010194 0.0040775 0.04893 0.013252 0.023445 0.046891 0 0.0061162 0 0.0091743 0.029562 0.036697 0.0071356 0 0 0 0.057085 0.0071356 0.017329 0.062181 0 0.0030581 0.0010194 0.039755 0 1
0 0.011224 0.037755 0.097959 0.015306 0.0030612 0 0.029592 0 0.011224 0.016327 0 0.05 0 0.077551 0.066327 0.013265 0.013265 0.012245 0.022449 0 0.0010204 0.02551 0.026531 0.0030612 0.0071429 0.097959 0.0071429 0.013265 0.036735 0.071429 0.060204 0.0091837 0.018367 0.0010204 0 0 0.045918 0.021429 0.014286 0.026531 0 0.0091837 0 0.026531 0 0
0 0.0030581 0.06524 0.0020387 0.019368 0.11621 0 0.0030581 0.055046 0.077472 0.012232 0 0.0050968 0 0.013252 0.085627 0.0091743 0.0081549 0.021407 0 0 0.046891 0.029562 0 0.0071356 0.0020387 0.0010194 0.012232 0.050968 0.011213 0 0.0050968 0.01631 0.015291 0 0 0.0040775 0.12946 0.0030581 0.0010194 0.025484 0 0.089704 0 0.053007 0 0
0.0051177 0.038895 0.015353 0 0.072671 0.033777 0 0.01433 0.0092119 0.01433 0.0020471 0.025589 0.0010235 0 0.022518 0.010235 0.01433 0.022518 0.0092119 0.012282 0.035824 0.082907 0 0.0010235 0.071648 0.055271 0.018424 0.0030706 0.0020471 0.0010235 0.042989 0.050154 0.0020471 0.020471 0.0061412 0.0010235 0 0.073695 0.0010235 0.0030706 0.12078 0 0.011259 0 0.0348 0.037871 1
0.014271 0.0050968 0.028542 0 0.078491 0.034659 0.0010194 0 0.023445 0.04791 0.068298 0.071356 0 0 0.023445 0 0 0.038736 0.037717 0.0091743 0.0010194 0.028542 0.030581 0 0.0091743 0.024465 0.058104 0.015291 0 0.011213 0.039755 0 0 0.025484 0.01631 0 0 0.0316 0.0020387 0.010194 0.017329 0.015291 0.16616 0 0.015291 0 1
0 0 0.082653 0.0081633 0.039796 0.0040816 0.0010204 0 0.031633 0 0.0040816 0 0.0020408 0 0.039796 0.0081633 0.0030612 0.028571 0.068367 0.07449 0 0.073469 0.054082 0.0010204 0 0.056122 0.089796 0.0091837 0.0020408 0 0.0010204 0.011224 0.027551 0.022449 0.0010204 0.055102 0.021429 0.046939 0.013265 0.0030612 0.053061 0 0.029592 0 0.018367 0.014286 0
0.0050865 0.07528 0.0030519 0 0.0010173 0.0091556 0.0091556 0.0010173 0.025432 0.093591 0.016277 0.0020346 0.0040692 0 0.025432 0.038657 0.0061038 0.098678 0 0.0010173 0.082401 0.0071211 0.046796 0.056968 0.032553 0.012208 0.080366 0 0.021363 0.0040692 0 0.013225 0 0.0030519 0.01119 0 0 0.082401 0.015259 0.050865 0.035605 0 0 0 0.029502 0 1
0 0.086646 0.014271 0.057085 0 0.038736 0 0.036697 0.012232 0.030581 0.010194 0 0.0020387 0 0.024465 0.04893 0.0050968 0 0.030581 0.011213 0 0.051988 0.04791 0.0040775 0.012232 0.0061162 0.023445 0.0050968 0.0091743 0 0.0040775 0.079511 0 0.10601 0.06422 0.0030581 0 0.03262 0.027523 0.051988 0.013252 0 0.045872 0 0.0030581 0 0
0 0.0020387 0.0050968 0.015291 0.0081549 0.021407 0 0.11825 0.089704 0.0050968 0.020387 0 0 0 0.020387 0.026504 0.017329 0.073394 0.0030581 0 0 0.0071356 0.050968 0.022426 0 0.084608 0.090724 0.0061162 0.0050968 0.0030581 0 0.0050968 0.0020387 0.019368 0.054027 0.027523 0.011213 0.0030581 0.0091743 0.0061162 0.038736 0 0.098879 0 0.028542 0 0
0 0 0.047862 0.017312 0 0.058045 0.0020367 0.011202 0.0020367 0.066191 0 0 0.003055 0.01222 0.035642 0.0071283 0.06721 0 0.0040733 0 0 0.16599 0.003055 0.019348 0.0040733 0.009165 0.032587 0.009165 0.003055 0.0010183 0.013238 0.026477 0.14766 0.0050916 0.013238 0 0.03055 0.039715 0.04277 0.00611 0.0071283 0.0010183 0.081466 0 0.0040733 0 0
0 0.01222 0.049898 0.009165 0.023422 0.017312 0 0 0.0040733 0.0071283 0.1558 0 0.0020367 0.023422 0.0010183 0.06721 0.086558 0.039715 0.0020367 0.077393 0 0 0 0.021385 0 0 0.003055 0.010183 0.0010183 0.0040733 0.009165 0 0.0071283 0.15784 0 0 0 0.037678 0 0 0.021385 0 0.013238 0.096741 0.038697 0 0
0.061162 0.020387 0.046891 0 0.051988 0.0091743 0 0.0081549 0.073394 0.0020387 0.015291 0.0050968 0.0010194 0 0.0091743 0.068298 0.0050968 0.0030581 0 0.0010194 0.0020387 0.0010194 0.051988 0.025484 0.036697 0.017329 0.011213 0.027523 0 0.10907 0.012232 0.0010194 0 0.08053 0.0061162 0 0 0.0030581 0.073394 0.01631 0.028542 0 0.017329 0.0040775 0.093782 0 1
0.014228 0.022358 0.0050813 0 0.010163 0.11484 0.0010163 0.026423 0.011179 0.019309 0.11179 0.0010163 0.085366 0 0.10366 0.072154 0.020325 0.020325 0 0.004065 0.064024 0.0010163 0 0.025407 0.004065 0.0071138 0.0020325 0.0010163 0 0 0.0071138 0.035569 0.045732 0.0060976 0.015244 0.004065 0 0.0050813 0.029472 0.0010163 0.039634 0.010163 0.031504 0 0.021341 0 1
0 0.016377 0.029683 0.092119 0.13715 0.0030706 0.015353 0.021494 0 0.020471 0.037871 0 0 0 0.020471 0.075742 0.0030706 0.0020471 0.016377 0.0010235 0 0.0081883 0.016377 0.028659 0.018424 0.0092119 0.023541 0 0.0020471 0.0051177 0.023541 0.084954 0.01433 0.1044 0.0010235 0.0040942 0.032753 0.0051177 0.016377 0.0040942 0.0174 0.03173 0.019447 0 0.030706 0.0061412 0
0 0.011168 0.082234 0.0060914 0.0030457 0.045685 0 0.043655 0.025381 0.011168 0.0010152 0 0.0060914 0.0091371 0.025381 0.014213 0.013198 0.13706 0.039594 0.0030457 0 0.084264 0.016244 0.078173 0.012183 0 0.036548 0 0.020305 0.034518 0.0091371 0.0091371 0.052792 0.0081218 0.0071066 0.012183 0 0.039594 0.028426 0.020305 0.031472 0 0 0 0.020305 0.0020305 0
0.0091463 0.043699 0.02439 0 0.012195 0 0 0 0.033537 0.0091463 0.087398 0.070122 0.0030488 0 0.020325 0.34756 0.0020325 0.017276 0 0.0091463 0.011179 0.021341 0.026423 0.022358 0.02439 0 0.0010163 0.0030488 0 0.010163 0.01626 0.020325 0.017276 0.026423 0.042683 0.0030488 0 0.0030488 0.0050813 0.01626 0.0020325 0 0.0081301 0.0010163 0.029472 0 1
0 0.013265 0.0020408 0.012245 0.035714 0.0010204 0 0.0071429 0 0.014286 0.005102 0 0 0.0071429 0 0.10714 0.14184 0.04898 0.14286 0.0020408 0 0.038776 0.02449 0.080612 0.0020408 0 0.0061224 0.028571 0.071429 0.0081633 0 0.0020408 0.057143 0.011224 0 0.015306 0 0.043878 0 0 0.012245 0.038776 0.0020408 0 0.016327 0 0
0 0 0.013252 0.0030581 0.0020387 0.018349 0 0.14577 0.011213 0.0061162 0 0 0.024465 0.028542 0.0061162 0.0020387 0.11213 0.046891 0.035678 0.013252 0 0.0081549 0.0040775 0.0030581 0.011213 0.012232 0.012232 0.075433 0.020387 0.041794 0.0091743 0.033639 0 0.014271 0.0071356 0.0071356 0.0020387 0.1631 0.0071356 0.042813 0.020387 0.0020387 0.011213 0 0.022426 0 0
0 0 0.014228 0.027439 0.010163 0 0 0.074187 0 0.018293 0.0020325 0 0 0 0 0.025407 0.022358 0.0071138 0 0.018293 0 0.073171 0.065041 0.025407 0.068089 0 0.035569 0.0010163 0.11585 0 0.015244 0.0010163 0.01626 0.093496 0.023374 0 0.015244 0.0081301 0.019309 0.026423 0.0081301 0 0.055894 0.098577 0.015244 0 0
0.012257 0.0071502 0.010215 0 0.034729 0.0040858 0 0.0061287 0.0061287 0.092952 0.010215 0.0081716 0.0061287 0 0.071502 0.023493 0.032686 0.094995 0 0.0030644 0.011236 0.016343 0.081716 0 0.029622 0.020429 0.051073 0.013279 0.013279 0.043922 0.0030644 0 0.024515 0.071502 0 0 0.0030644 0.015322 0 0.085802 0.0143 0.053115 0.019408 0 0.0051073 0 1
0.036697 0.046891 0.010194 0 0.036697 0.0050968 0 0 0.0010194 0.11111 0.020387 0.22834 0.010194 0 0.010194 0.0061162 0 0.12538 0.074414 0.021407 0.042813 0.0040775 0 0.0010194 0.0040775 0 0.0030581 0 0 0.0050968 0.014271 0.021407 0.011213 0.045872 0.026504 0.013252 0 0.0081549 0 0 0.0020387 0 0.0010194 0.0091743 0.041794 0.0010194 1
0 0.0010194 0.11825 0.081549 0.043833 0.0010194 0 0.10601 0 0.0010194 0.1264 0.0071356 0 0.010194 0.0040775 0.0010194 0.059123 0.094801 0 0.0010194 0 0.041794 0.0030581 0.01631 0 0.015291 0.014271 0.0091743 0.022426 0.0020387 0.0081549 0 0 0.022426 0.0061162 0 0 0.027523 0.0091743 0.0010194 0.0040775 0 0.11519 0.013252 0.012232 0 0
0 0 0.068298 0.017329 0.0050968 0.0010194 0 0.020387 0 0.020387 0.0030581 0 0 0 0.0010194 0.04791 0.0081549 0.070336 0 0 0 0.015291 0.051988 0.13558 0 0.018349 0.017329 0 0.024465 0.0316 0 0.014271 0.091743 0.023445 0.021407 0.040775 0.0010194 0.089704 0.012232 0.0030581 0.040775 0.066259 0.017329 0 0.0040775 0.01631 0
0 0.025458 0.10591 0.069246 0.039715 0.081466 0.010183 0.0020367 0.009165 0.014257 0.013238 0 0 0.0010183 0.11303 0.0071283 0.021385 0.052953 0.076375 0 0 0 0.019348 0.043788 0 0.003055 0.028513 0.039715 0.022403 0.0040733 0.040733 0 0.0071283 0.045825 0 0 0 0.010183 0.034623 0.00611 0.04277 0 0 0 0.003055 0.00611 0
0.011202 0.015275 0.04888 0 0.03666 0.10692 0 0.009165 0.034623 0.0010183 0.0081466 0.015275 0.041752 0 0.003055 0.056008 0.051935 0.082485 0 0.0010183 0 0.0020367 0.028513 0.00611 0 0.065173 0.010183 0.0081466 0 0 0.13136 0.010183 0.0020367 0.025458 0.064155 0.01222 0 0.013238 0.015275 0.0081466 0.06721 0 0.0071283 0 0 0 1
0 0 0.02439 0.012195 0.0020325 0.083333 0 0.021341 0.004065 0.012195 0.0071138 0 0.0020325 0 0.0010163 0.0091463 0.025407 0.096545 0.014228 0.014228 0 0.025407 0.0030488 0.0081301 0.0030488 0.025407 0.060976 0.0030488 0.004065 0.02439 0 0.075203 0.012195 0.27337 0 0 0.028455 0.042683 0.021341 0 0.0081301 0 0.033537 0 0.018293 0 0
0 0.002045 0.015337 0.010225 0 0.010225 0.018405 0.037832 0 0 0.0092025 0 0.0010225 0.03681 0.0071575 0.056237 0.04908 0.041922 0 0.0030675 0 0.071575 0.006135 0.099182 0 0.030675 0.002045 0.0409 0.097137 0.030675 0.010225 0.006135 0.0010225 0.046012 0.05317 0.02045 0.0010225 0.0051125 0.00409 0 0.011247 0 0.070552 0 0.09407 0 0
0 0 0.0010183 0.03055 0.03055 0.033605 0 0.032587 0.049898 0.04888 0.06721 0 0 0 0.0071283 0.019348 0.071283 0.017312 0.049898 0.070265 0 0.052953 0 0.057026 0.0071283 0.0020367 0.031568 0.013238 0.0040733 0.0020367 0.010183 0.0010183 0.013238 0.013238 0.0050916 0.044807 0.00611 0.051935 0.045825 0.051935 0.041752 0 0.0010183 0.0020367 0.01222 0 0
0.0010183 0.00611 0.01222 0 0.095723 0 0 0 0.044807 0.0081466 0.003055 0.069246 0.0020367 0 0.01222 0.034623 0.015275 0.10998 0 0.027495 0.010183 0.062118 0.021385 0.00611 0.003055 0.039715 0.022403 0 0 0.031568 0.01222 0.016293 0.010183 0.014257 0 0 0 0.18228 0.003055 0 0.035642 0.0040733 0.05499 0 0.028513 0 1
0.01631 0 0.067278 0 0.0030581 0.017329 0.0071356 0 0.0030581 0 0.24873 0.0081549 0.058104 0 0.051988 0.042813 0.040775 0.06422 0.0020387 0.0091743 0.0030581 0.030581 0.040775 0.012232 0 0.018349 0.0020387 0 0.0040775 0 0.0081549 0.090724 0.0010194 0.0081549 0.0050968 0 0.0010194 0.0091743 0.0050968 0.0061162 0 0 0.038736 0 0.075433 0 1
0 0.003055 0.0040733 0 0.04277 0.003055 0.0010183 0.023422 0.013238 0.015275 0.021385 0 0.00611 0.027495 0.015275 0.020367 0.15682 0.035642 0.033605 0.04277 0.0071283 0.050916 0.026477 0.00611 0.0020367 0 0.009165 0.074338 0.13849 0 0 0.00611 0 0.034623 0.014257 0 0.0040733 0.013238 0.09776 0.0010183 0.03055 0.011202 0.0020367 0 0.0050916 0 0
0.063395 0.0010225 0.0010225 0 0.095092 0.080777 0.0092025 0 0.014315 0.02454 0.02454 0 0.00409 0 0.033742 0.01636 0.00409 0.09407 0.033742 0.038855 0.0030675 0.055215 0.006135 0.015337 0.0030675 0.056237 0.0051125 0 0 0.01227 0.042945 0.048057 0.017382 0.021472 0 0 0.067485 0.02045 0.04499 0 0 0.0071575 0.01636 0.002045 0.01636 0 1
0 0.0061038 0.023398 0.023398 0.0091556 0.0040692 0 0.12106 0.036623 0.027467 0.047813 0 0.0071211 0.0040692 0.013225 0.10173 0.03764 0 0.013225 0.01119 0 0.0020346 0.13225 0.015259 0.0020346 0.020346 0.013225 0.04883 0 0.016277 0.0020346 0.11292 0.02238 0.0010173 0.0071211 0.023398 0.0071211 0.012208 0 0 0.0081384 0 0.020346 0 0.045778 0 0
0.0060914 0 0.018274 0 0.031472 0.070051 0 0.038579 0.0050761 0.010152 0.012183 0.040609 0.054822 0 0.0050761 0.16142 0.012183 0.017259 0 0.0050761 0.0091371 0.0060914 0.08934 0.04467 0 0.043655 0.0081218 0 0 0 0.019289 0.020305 0.011168 0.011168 0.0050761 0.0091371 0.0010152 0.13706 0.0060914 0.0010152 0.017259 0.0071066 0 0 0.064975 0 1
0.020387 0.0020387 0.042813 0 0.066259 0.0050968 0.058104 0.041794 0.0071356 0.051988 0.021407 0.0040775 0.020387 0 0.0040775 0.035678 0.015291 0.063201 0 0.12946 0 0.0010194 0.015291 0.0040775 0.014271 0.014271 0.0020387 0.023445 0 0.0050968 0.017329 0.039755 0.0081549 0.0020387 0.0040775 0.041794 0 0.089704 0.022426 0.030581 0.029562 0.0010194 0.025484 0 0.019368 0 1
0 0 0.004065 0.02439 0.01626 0.079268 0 0.025407 0 0.089431 0.0091463 0 0.0050813 0 0.004065 0.031504 0.072154 0.0081301 0.0030488 0.0030488 0 0 0.011179 0.065041 0.0030488 0.025407 0.033537 0 0.013211 0.025407 0 0.095528 0 0.12907 0.0020325 0 0 0.057927 0.029472 0.058943 0.042683 0 0.013211 0 0.019309 0 0
0 0.020387 0.033639 0.01631 0 0.038736 0 0.1264 0.012232 0.027523 0.017329 0 0.039755 0 0 0.060143 0.0010194 0.026504 0.071356 0 0 0.026504 0.018349 0.026504 0 0.010194 0.019368 0.039755 0.092762 0.0030581 0.0050968 0.022426 0 0.037717 0.0020387 0 0.010194 0.063201 0.020387 0.0010194 0.042813 0.0081549 0.039755 0.0010194 0.018349 0 0
0 0.010194 0.019368 0.0010194 0.0061162 0.015291 0 0.079511 0 0.017329 0.0030581 0 0.0020387 0 0 0.18451 0.033639 0.010194 0.01631 0.022426 0 0.08053 0.045872 0 0.0010194 0.017329 0.0030581 0.11621 0.026504 0.0030581 0.0071356 0.049949 0.029562 0.037717 0.0061162 0.018349 0 0.012232 0 0.058104 0.04791 0.0050968 0.0040775 0 0.0091743 0 0
0 0.0020387 0.0020387 0.11519 0 0.15087 0.019368 0.042813 0 0.037717 0.010194 0 0.0010194 0 0.020387 0.0316 0.0030581 0.049949 0.013252 0.012232 0 0 0.0040775 0.027523 0 0.0010194 0.049949 0.037717 0.04893 0.013252 0 0.042813 0 0.0010194 0 0 0 0.13048 0.0020387 0.036697 0.029562 0.04893 0.0030581 0 0.011213 0 0
0 0.045872 0.0040775 0.061162 0.0030581 0.0061162 0 0.019368 0 0.033639 0.030581 0 0.0010194 0 0.0040775 0.08053 0.069317 0.082569 0.0316 0 0 0.097859 0.093782 0.035678 0.01631 0 0.077472 0 0.033639 0.086646 0 0.022426 0 0.010194 0 0.0040775 0 0.03262 0.0040775 0.0040775 0.0010194 0 0.0020387 0.0010194 0.0040775 0 0
0 0.038736 0.04893 0.021407 0.010194 0.0010194 0 0.0020387 0.0316 0.012232 0.0050968 0 0.060143 0 0.014271 0.027523 0.0040775 0.063201 0.20285 0.011213 0 0.023445 0.018349 0.011213 0.033639 0.062181 0.024465 0.013252 0.0061162 0.058104 0.012232 0.0030581 0 0.06422 0 0.0040775 0 0.018349 0.0020387 0 0.053007 0.0010194 0.018349 0 0.018349 0 0
0 0.0030644 0.18284 0.023493 0.034729 0.064351 0 0.0020429 0.0010215 0.0091931 0.0030644 0 0.016343 0 0.012257 0.059244 0.0040858 0 0.028601 0 0 0.016343 0.054137 0.050051 0 0.034729 0.0061287 0.0030644 0.043922 0.013279 0 0.0071502 0.016343 0.044944 0.0143 0.032686 0 0.025536 0.0081716 0.0030644 0.032686 0.0081716 0.12053 0 0.020429 0 0
0 0.0143 0.060266 0.059244 0.061287 0.018386 0.0010215 0.0030644 0 0.0010215 0.036772 0 0.081716 0.020429 0.020429 0.050051 0.0143 0.0010215 0.020429 0 0 0.016343 0.10317 0.0010215 0 0.037794 0.0051073 0.013279 0 0.0051073 0.025536 0.098059 0.0091931 0.016343 0.0061287 0 0 0.068437 0.02145 0.046987 0 0 0.026558 0.0061287 0.019408 0.010215 0
0 0.0020471 0.038895 0 0.0020471 0.0071648 0 0.048106 0.054248 0.01433 0 0 0.0040942 0 0.0020471 0 0.044012 0.052201 0 0.0051177 0 0.038895 0.015353 0.036847 0.018424 0.053224 0.019447 0.030706 0 0.041965 0 0.06346 0.0040942 0.12385 0.021494 0.0030706 0.0030706 0.052201 0.033777 0.0040942 0 0.018424 0.096213 0 0.041965 0.0051177 0
0 0.015291 0.037717 0.0020387 0.023445 0 0 0.0010194 0.010194 0.012232 0.0010194 0 0.0010194 0 0.012232 0.12232 0.054027 0.081549 0.0020387 0.021407 0.0040775 0.020387 0.077472 0 0 0 0.1213 0.0091743 0.0091743 0.0091743 0.0030581 0.0020387 0 0.013252 0.0050968 0.0010194 0.0020387 0.18043 0.018349 0 0.046891 0.0020387 0.026504 0 0.050968 0 0
0 0.0051177 0.055271 0.056295 0.026612 0.0348 0.0030706 0.038895 0.021494 0.10031 0 0 0 0.016377 0.0010235 0.0010235 0.012282 0.0061412 0.12385 0.060389 0 0.020471 0.0020471 0.035824 0.0010235 0.032753 0 0 0.013306 0.0040942 0 0.013306 0.06653 0.0051177 0.047083 0.027636 0 0.048106 0.033777 0 0.079836 0 0.0061412 0 0 0 0
0 0 0.046012 0.051125 0.025562 0.083845 0 0.006135 0 0.0051125 0.02863 0 0.006135 0.002045 0.03681 0.047035 0.021472 0.03681 0 0 0 0.11759 0.029652 0.0051125 0.0010225 0.002045 0 0.00818 0.0010225 0.015337 0.01227 0.15031 0.00409 0.01227 0.01636 0 0 0.010225 0.0010225 0.05726 0.058282 0 0.04908 0 0.052147 0 0
0 0 0.23955 0.0040775 0.018349 0.0050968 0 0 0 0.059123 0.013252 0 0.040775 0.0081549 0.0030581 0 0.029562 0.010194 0.0091743 0.015291 0 0.0061162 0.056065 0.0081549 0.0020387 0.11927 0.0040775 0 0 0 0 0.012232 0.0081549 0.0040775 0.11825 0.01631 0.013252 0.086646 0.0061162 0.034659 0.014271 0 0.017329 0 0.0071356 0.010194 0
0.16293 0.0040733 0.038697 0 0.0611 0 0 0 0.14766 0.037678 0.00611 0.01833 0.029532 0 0.023422 0.031568 0.0050916 0.029532 0 0.003055 0.086558 0.027495 0.0010183 0.01222 0.0050916 0.0010183 0.078411 0.013238 0 0.021385 0.00611 0.010183 0.0071283 0.01833 0.0071283 0.0081466 0 0.035642 0 0.0081466 0.02444 0 0.017312 0 0.01222 0 1
0.06721 0 0.025458 0 0.0050916 0.01222 0.0010183 0 0.046843 0.02444 0.092668 0 0.016293 0 0.062118 0.111 0.011202 0.0010183 0.010183 0.0020367 0 0.019348 0.046843 0.03055 0.014257 0 0.010183 0 0 0.003055 0.0010183 0.0611 0.020367 0.050916 0.0050916 0.0010183 0 0.07332 0.01222 0.009165 0.003055 0 0.12933 0 0.020367 0 1
0 0.0030644 0.02145 0.029622 0.010215 0.028601 0.0061287 0.061287 0.0030644 0.023493 0.0143 0 0.017365 0 0.026558 0.0091931 0.02145 0.055158 0.030644 0.0020429 0 0 0.034729 0.1236 0.0081716 0 0.0081716 0.0020429 0.0143 0.027579 0 0.060266 0.0010215 0.012257 0 0.013279 0.0081716 0.060266 0.035751 0.12972 0.096016 0 0.0010215 0 0 0 0
0 0.0051073 0.033708 0.060266 0.0040858 0.010215 0 0.015322 0.0010215 0.038815 0.045965 0 0.0061287 0.04903 0.013279 0.051073 0.0040858 0.0071502 0.13381 0.0061287 0.0010215 0.017365 0 0.092952 0 0 0.0143 0.041879 0.055158 0 0 0.034729 0.080695 0.033708 0 0.0051073 0.017365 0.041879 0.02145 0.0071502 0.0010215 0 0.0040858 0 0.044944 0 0
0 0 0.0030519 0.013225 0.0091556 0.0071211 0 0.01119 0.010173 0.036623 0.038657 0 0.03764 0.0010173 0.0081384 0.082401 0.10885 0.018311 0.017294 0.0010173 0 0.0081384 0.025432 0.016277 0.0020346 0.12818 0.06002 0 0.02645 0.0010173 0 0.012208 0.0091556 0.076297 0.025432 0.038657 0 0.0040692 0.073245 0.0030519 0.073245 0 0.0010173 0 0.012208 0 0
0 0.062372 0 0.0071575 0.0010225 0.023517 0 0.051125 0 0.042945 0.0010225 0 0.00409 0.006135 0.027607 0.067485 0.035787 0.00818 0.10225 0.0071575 0.0010225 0.039877 0.080777 0.027607 0.0030675 0 0.00818 0.0010225 0 0 0 0.014315 0.013292 0.035787 0.002045 0.026585 0.002045 0 0.054192 0 0.060327 0 0.14213 0 0.039877 0 0
0 0 0.01222 0.0081466 0.051935 0.0050916 0.0081466 0.016293 0 0.04277 0 0 0.0050916 0 0.0020367 0.047862 0.09165 0.032587 0 0 0 0.080448 0.00611 0.031568 0 0.0010183 0.027495 0.04888 0.0040733 0.022403 0 0.10591 0.022403 0.015275 0.065173 0.00611 0 0.01222 0.0010183 0 0.18941 0 0.032587 0.0040733 0 0 0
0 0.0091837 0.0061224 0.027551 0.12959 0 0 0.02551 0.0071429 0.093878 0 0 0.053061 0.12551 0.02449 0.0030612 0.068367 0.022449 0.0071429 0.012245 0.0040816 0.060204 0.034694 0.0081633 0.0040816 0.0020408 0.010204 0.0071429 0.052041 0.016327 0.0020408 0.0040816 0.023469 0.096939 0 0.0010204 0.018367 0.0091837 0 0.0010204 0.0081633 0 0.013265 0.0081633 0 0 0
0 0.012208 0.02238 0.0081384 0.013225 0.017294 0 0.049847 0.0010173 0.081384 0.020346 0 0 0 0.016277 0.076297 0 0.0010173 0.040692 0 0 0 0.019329 0.042726 0 0 0.034588 0.0071211 0.028484 0.027467 0 0.069176 0.0050865 0.1119 0.14039 0 0 0.076297 0.0020346 0.052899 0.0091556 0.0050865 0.0010173 0 0.0071211 0 0
0 0.10703 0.06422 0.019368 0.015291 0.0316 0 0.012232 0 0.11621 0.053007 0 0 0 0 0.13863 0 0.0061162 0.015291 0.015291 0 0.056065 0.017329 0.0061162 0 0.0316 0.027523 0.015291 0.0050968 0 0 0.011213 0.0010194 0.046891 0 0 0.088685 0.0030581 0.0050968 0.018349 0.058104 0 0.0030581 0 0.011213 0 0
0 0 0.0081218 0.10355 0.0050761 0.0081218 0 0.019289 0.0010152 0.093401 0 0 0.0010152 0.070051 0.0030457 0.029442 0.0020305 0.0060914 0.055838 0.013198 0 0.0071066 0.028426 0.034518 0 0.035533 0.0020305 0.026396 0.020305 0 0 0.034518 0.11371 0.038579 0.011168 0.0091371 0.027411 0.10457 0.030457 0 0.0010152 0 0.012183 0 0.032487 0.011168 0
0 0 0.051829 0.02439 0.041667 0.033537 0 0.039634 0 0.025407 0.10163 0 0.02439 0.0020325 0.0050813 0.021341 0.051829 0.025407 0.034553 0.010163 0 0.018293 0.011179 0.010163 0.044715 0.01626 0.0010163 0 0.039634 0.063008 0 0.011179 0.0020325 0.04065 0.1189 0 0 0.0091463 0.01626 0 0.075203 0 0 0 0.014228 0.015244 0
0.0020325 0.01626 0.014228 0.015244 0 0.1189 0 0.04065 0.091463 0.0050813 0.044715 0 0.0010163 0 0.0010163 0.0081301 0.027439 0.023374 0.0010163 0.0020325 0 0.03252 0.022358 0.014228 0 0.0081301 0.045732 0.018293 0.029472 0 0.019309 0.14024 0.020325 0.019309 0 0 0 0.033537 0 0.047764 0.088415 0 0.0030488 0 0.044715 0 0
0 0.0050865 0.0020346 0.03764 0 0.0030519 0 0.066124 0 0.0091556 0.0010173 0.016277 0.0030519 0.047813 0.042726 0.02645 0.0050865 0.053917 0.018311 0 0 0.0061038 0.012208 0.024415 0.0020346 0.015259 0.051882 0 0.092574 0.0010173 0.15361 0.089522 0.0030519 0.047813 0 0.0010173 0 0.010173 0.016277 0.046796 0.023398 0 0.0030519 0 0.062055 0 0
0 0.0061224 0.0040816 0.063265 0 0.0020408 0 0.020408 0.023469 0.021429 0.092857 0 0.0020408 0.0030612 0.027551 0.047959 0.056122 0.018367 0.0040816 0.0010204 0.041837 0.019388 0.0091837 0.11939 0.010204 0.090816 0.0061224 0.095918 0.020408 0.0030612 0.0040816 0 0.0010204 0.066327 0.0030612 0.0081633 0.045918 0.0030612 0.0020408 0.0010204 0.031633 0.0061224 0.005102 0 0.012245 0 0
0.034659 0.0020387 0.072375 0 0.029562 0.0010194 0 0.013252 0.087666 0 0.0020387 0.0010194 0.011213 0 0.0071356 0.019368 0.042813 0.036697 0 0 0.0091743 0.088685 0.054027 0.0010194 0.024465 0.012232 0 0.0020387 0 0.0010194 0.017329 0.0091743 0.0091743 0.0091743 0.041794 0.071356 0.0010194 0.033639 0.022426 0.019368 0.12946 0 0.071356 0 0.011213 0 1
0 0 0.0010173 0 0 0.02645 0 0.02645 0 0.019329 0.0040692 0 0.02238 0.017294 0.032553 0.10376 0.092574 0.069176 0.014242 0.0050865 0 0.010173 0.016277 0.015259 0.014242 0.0081384 0.0030519 0.012208 0 0.14242 0.040692 0.01119 0.0081384 0 0.12614 0 0.032553 0.0020346 0.0061038 0 0.050865 0 0.012208 0 0.050865 0.0030519 0
0.043788 0.003055 0.0081466 0 0.00611 0.21283 0 0 0.027495 0.02444 0.035642 0 0.011202 0 0.0020367 0.0020367 0.0081466 0.026477 0 0.014257 0.022403 0.003055 0.009165 0.010183 0 0.0081466 0.026477 0 0 0.0020367 0.022403 0.023422 0.051935 0.023422 0.08554 0 0 0.17821 0.01833 0.0071283 0.05499 0 0.020367 0 0.00611 0.0010183 1
0 0 0.13585 0.0010215 0.010215 0.019408 0 0.0143 0.10827 0.020429 0.0040858 0 0.0040858 0.0051073 0.0081716 0.038815 0.053115 0.022472 0.06333 0 0 0.025536 0.017365 0.0040858 0.016343 0.031665 0.020429 0.025536 0.011236 0.0020429 0 0.0051073 0.016343 0.10521 0.015322 0.053115 0 0.022472 0.023493 0.027579 0.036772 0 0.015322 0 0.016343 0 0
0.0040568 0.0010142 0.014199 0 0.0091278 0 0 0 0 0.014199 0.12779 0.039554 0 0 0.028398 0.0010142 0.014199 0.061866 0.022312 0.0030426 0.05071 0.0030426 0.017241 0.025355 0 0.058824 0.015213 0.011156 0 0.017241 0.1146 0 0.0081136 0.072008 0.022312 0.015213 0 0.005071 0.0020284 0.026369 0.11866 0.0010142 0.0060852 0 0.068966 0 1
0.03173 0 0.010235 0 0.030706 0.033777 0.0174 0.013306 0.0020471 0.0020471 0.0040942 0.012282 0.0040942 0 0.023541 0.041965 0.016377 0.22006 0 0 0.0010235 0.0051177 0.015353 0.0030706 0.0061412 0.015353 0.026612 0.0174 0.0071648 0 0.0061412 0.028659 0.037871 0.0081883 0.025589 0 0 0.04913 0.06346 0.0051177 0 0.0010235 0.08393 0 0.12897 0.0010235 1
0 0.031633 0.0030612 0.07449 0.042857 0.0040816 0 0.0040816 0 0.012245 0.005102 0 0.015306 0.0030612 0.0040816 0.063265 0.0061224 0.13571 0 0 0 0.0091837 0.015306 0.0010204 0.0061224 0.020408 0.039796 0.02449 0.035714 0.014286 0.0071429 0.0081633 0.13265 0.02449 0.028571 0.010204 0.0071429 0.081633 0.0030612 0.005102 0.018367 0 0.0081633 0.057143 0.023469 0.013265 0
0 0 0.057026 0.051935 0.037678 0.0040733 0 0.081466 0 0.0081466 0.00611 0.0081466 0.0020367 0.003055 0.10489 0 0.003055 0.031568 0.003055 0.058045 0.010183 0.095723 0.0050916 0.014257 0.0040733 0.03055 0.031568 0.072301 0.0040733 0.0040733 0.020367 0.0010183 0.010183 0 0.0020367 0 0 0.092668 0.028513 0.003055 0.043788 0 0 0.0010183 0.065173 0 0
0 0 0.066327 0.027551 0.060204 0.021429 0 0.005102 0.15408 0.013265 0 0 0.0010204 0.037755 0.005102 0 0.020408 0.037755 0.015306 0.14082 0 0.0010204 0.012245 0.020408 0.023469 0.016327 0.0091837 0.0061224 0.068367 0.073469 0.0030612 0.0020408 0.026531 0.035714 0.0071429 0 0.0030612 0.0061224 0.013265 0.0030612 0.039796 0.0010204 0.022449 0 0 0 0
0 0 0.0081384 0.0081384 0.04883 0.0020346 0 0.072228 0.054934 0.014242 0.0040692 0 0.03764 0 0.0010173 0.019329 0 0.059003 0.085453 0.025432 0 0.013225 0.02238 0.0040692 0.0081384 0.016277 0.045778 0.0050865 0 0.0030519 0.0040692 0.050865 0.0010173 0.096643 0 0 0.0030519 0.049847 0.14954 0.0040692 0.057986 0 0.0061038 0 0.0010173 0.017294 0
0 0.020367 0.0050916 0 0.0050916 0.009165 0 0.003055 0.026477 0.0020367 0.072301 0 0.040733 0 0.022403 0.090631 0.0050916 0.0611 0.00611 0.035642 0.0010183 0.0020367 0.027495 0 0.038697 0.01833 0.023422 0.0050916 0 0.049898 0.0020367 0.039715 0.0040733 0.017312 0.040733 0.009165 0 0.12933 0.052953 0.017312 0.0050916 0.019348 0.082485 0 0.009165 0 1
0 0.0040816 0.04898 0.12143 0.0040816 0.0030612 0 0 0 0.0040816 0.0040816 0 0 0.026531 0.043878 0.039796 0 0.0061224 0.012245 0.034694 0 0.096939 0.044898 0.041837 0.033673 0.034694 0.033673 0.0020408 0.0061224 0.0020408 0.030612 0.0040816 0.017347 0.016327 0.0071429 0.09898 0.0040816 0.020408 0.086735 0.0030612 0.04898 0 0 0 0.013265 0 0
0.012195 0.042683 0.018293 0 0.004065 0 0.082317 0 0.036585 0.031504 0.0050813 0.03252 0.0030488 0 0.010163 0.01626 0.074187 0.0081301 0 0.0050813 0.034553 0.0081301 0.0060976 0.010163 0.015244 0.0030488 0.073171 0.004065 0.020325 0 0.097561 0.041667 0.015244 0.097561 0.027439 0.010163 0 0.079268 0.0010163 0.0030488 0.0060976 0.026423 0.023374 0 0.014228 0 1
0 0 0.033673 0.031633 0.072449 0.0010204 0 0.072449 0.0010204 0 0.010204 0 0.0030612 0.0010204 0.011224 0.012245 0.026531 0.010204 0.0010204 0.045918 0 0.041837 0.017347 0.023469 0 0.079592 0.11531 0.073469 0.0010204 0 0 0.038776 0.0010204 0.017347 0.0030612 0.0030612 0.044898 0.042857 0.0081633 0.083673 0.046939 0 0.012245 0 0.0081633 0.0040816 0
0 0 0.057026 0.086558 0.017312 0.020367 0 0 0.0020367 0.10183 0.003055 0.0010183 0.00611 0.00611 0.023422 0 0.050916 0.078411 0.111 0 0 0.0010183 0.021385 0.0020367 0.03666 0.01222 0.011202 0.019348 0.03666 0 0 0.013238 0.017312 0.031568 0.01833 0.003055 0 0.058045 0 0.07332 0.044807 0 0.0071283 0 0.016293 0.011202 0
0.0071283 0.015275 0.010183 0 0.043788 0.021385 0 0.033605 0.003055 0.04888 0.009165 0 0.00611 0 0.075356 0.035642 0.021385 0.051935 0.064155 0.020367 0.03666 0.028513 0.0050916 0.041752 0.0010183 0.0020367 0.0071283 0 0.017312 0.020367 0.0010183 0.11813 0.011202 0.070265 0.0020367 0 0 0.038697 0.039715 0.0071283 0.013238 0.064155 0.0020367 0 0.0050916 0 1
0 0 0.019309 0.11585 0.035569 0.15549 0.012195 0.013211 0.031504 0.0010163 0.015244 0 0 0.014228 0.020325 0.0071138 0.0030488 0.010163 0.03252 0.036585 0 0.0030488 0.059959 0 0 0.050813 0.025407 0.081301 0.043699 0 0 0.0091463 0.0010163 0.021341 0 0 0.025407 0.027439 0.0030488 0.022358 0.072154 0 0.004065 0 0.026423 0 0
0 0 0.0010173 0.033571 0.055951 0.027467 0 0.0030519 0 0.030519 0.032553 0 0.0020346 0.01119 0 0.02238 0.010173 0.041709 0.063072 0.013225 0 0.016277 0.11394 0.014242 0.01119 0.01119 0.0050865 0 0 0.0061038 0 0.0071211 0.0020346 0.22075 0.019329 0 0.015259 0.02645 0 0.017294 0.077314 0 0.032553 0 0.053917 0.0020346 0
0 0 0 0.10081 0.059063 0.034623 0 0 0 0.0040733 0.009165 0 0.01222 0.0010183 0.0040733 0.010183 0.020367 0.011202 0.034623 0.043788 0 0.051935 0.0010183 0.047862 0.12831 0.017312 0.037678 0.021385 0.034623 0.010183 0 0.016293 0.02444 0.0050916 0.025458 0.052953 0.02444 0.016293 0.003055 0.0020367 0.013238 0 0.08554 0 0.032587 0.003055 0
0 0.003055 0.02444 0.044807 0.071283 0.0010183 0.0081466 0.027495 0.0050916 0.058045 0 0.0040733 0.03055 0 0.010183 0.017312 0.0020367 0.089613 0.0071283 0.049898 0 0.0010183 0 0.023422 0.00611 0.043788 0.0071283 0 0.044807 0 0 0.10183 0.025458 0.053971 0.03055 0.046843 0.0010183 0.041752 0 0 0.070265 0 0.0040733 0 0.043788 0 0
0 0.0040733 0.0020367 0.088595 0.014257 0.039715 0.0020367 0.003055 0.0071283 0.0081466 0.0020367 0 0.003055 0.0050916 0.0010183 0.022403 0.064155 0.13747 0.022403 0.0020367 0 0.01833 0.034623 0.03055 0 0.003055 0.010183 0 0.003055 0.027495 0.071283 0 0 0 0 0 0 0.17719 0.023422 0.04888 0.076375 0.0040733 0.032587 0 0.010183 0 0
0 0.0010183 0.0020367 0.0071283 0.0050916 0.0050916 0.021385 0.084521 0.0010183 0.056008 0.016293 0 0.0010183 0.01833 0.039715 0.047862 0.016293 0.027495 0 0.0081466 0 0.19246 0.0020367 0.01222 0.029532 0.12016 0.027495 0 0 0.013238 0.082485 0.0050916 0 0.01833 0.0020367 0 0.009165 0.087576 0.016293 0 0.009165 0.0020367 0.003055 0 0.009165 0 0
0 0.0010173 0.0071211 0.078332 0 0.040692 0 0.050865 0.0010173 0.0040692 0.0020346 0 0 0.0081384 0.021363 0.0010173 0.043744 0.0061038 0.044761 0.0010173 0 0.16073 0.042726 0.023398 0.0010173 0.029502 0.055951 0.029502 0 0 0.0010173 0.14446 0.032553 0.010173 0.0061038 0 0.0020346 0.032553 0.014242 0 0.015259 0.012208 0.019329 0 0.055951 0 0
0 0.0081466 0.06721 0.0010183 0.0020367 0.0010183 0.04888 0.033605 0 0.0040733 0.088595 0 0.0010183 0.017312 0.0071283 0.040733 0.083503 0.052953 0 0.0040733 0 0.031568 0.0010183 0.035642 0.013238 0.0020367 0.035642 0.029532 0.03666 0 0 0.10081 0.0010183 0.041752 0.01222 0.0040733 0.011202 0.003055 0.045825 0.009165 0.039715 0 0.00611 0.034623 0.043788 0 0
0 0.0010194 0.018349 0.060143 0 0.11825 0.0020387 0.0020387 0.024465 0.014271 0.063201 0 0.011213 0 0.019368 0.0081549 0 0.018349 0.028542 0.0010194 0 0.013252 0.020387 0.037717 0 0.0081549 0.0316 0 0.0061162 0 0 0.024465 0.012232 0.12029 0 0.029562 0 0.026504 0.043833 0.037717 0.03262 0 0.11723 0 0.04791 0 0
0 0.0071429 0.046939 0.02449 0.02449 0.05102 0 0.012245 0.005102 0.0040816 0.012245 0 0 0 0.086735 0.011224 0.052041 0.072449 0.012245 0.0091837 0 0.066327 0.0081633 0.036735 0.005102 0.029592 0.057143 0 0.12143 0 0 0.012245 0 0.052041 0 0.0010204 0 0.010204 0.0081633 0.026531 0.038776 0 0.078571 0 0.010204 0.0061224 0
0 0 0.058163 0.0061224 0.027551 0.0040816 0.0061224 0.0010204 0.0010204 0 0.02551 0.0091837 0.0020408 0 0 0.11122 0.021429 0.04898 0.047959 0.02449 0 0.13163 0 0 0.0030612 0.0061224 0.033673 0.0061224 0 0.0040816 0.083673 0.005102 0.031633 0.02551 0.0020408 0.0081633 0.0040816 0.041837 0.070408 0.038776 0.016327 0.0081633 0.0030612 0.0010204 0.080612 0 0
0 0 0.028455 0.0030488 0.0010163 0.014228 0 0.043699 0.0050813 0.02439 0.03252 0 0.056911 0.004065 0.004065 0.056911 0 0.14024 0.17378 0 0 0.038618 0.0071138 0.0091463 0.010163 0.07622 0.0030488 0.0030488 0.029472 0.013211 0.0060976 0.019309 0.0071138 0.0060976 0.021341 0.004065 0.0010163 0.0010163 0.072154 0.015244 0.027439 0 0.0010163 0 0.039634 0 0
0 0 0.015275 0.00611 0.010183 0.041752 0 0.065173 0.0020367 0.0010183 0.029532 0 0.0010183 0 0.016293 0.094705 0.032587 0.020367 0.0081466 0 0 0.10387 0.01833 0.010183 0.017312 0.00611 0 0.0071283 0.010183 0.0020367 0 0.011202 0.044807 0.033605 0 0.0071283 0.13646 0.060081 0.032587 0.01833 0.058045 0 0.03666 0.0081466 0.033605 0 0
0 0.0050916 0.096741 0.07943 0.022403 0.028513 0 0.021385 0 0.0040733 0.009165 0.0010183 0.0010183 0 0.051935 0.029532 0.009165 0.017312 0.013238 0.0040733 0 0 0.02444 0.045825 0 0.027495 0.034623 0.12118 0.0050916 0 0 0.063136 0.009165 0.081466 0.026477 0.0040733 0.010183 0.049898 0.056008 0 0.010183 0 0.03055 0.0020367 0.0040733 0 0
0 0.0061224 0.012245 0.032653 0 0.0040816 0 0.034694 0 0.010204 0.058163 0 0.02551 0 0.0030612 0.019388 0.010204 0.032653 0.0020408 0.036735 0 0.02449 0.063265 0.015306 0.018367 0.0040816 0.23673 0.005102 0 0 0.0020408 0.018367 0.031633 0.0061224 0.0010204 0.011224 0.0020408 0.13265 0.020408 0.043878 0.020408 0 0.04898 0 0.0061224 0 0
0.022472 0.0081716 0.019408 0 0.02145 0.058223 0 0 0.011236 0.0071502 0.050051 0.0020429 0.0143 0 0.11951 0.0061287 0.053115 0 0.019408 0 0 0 0.0071502 0.039837 0.0091931 0.015322 0.0020429 0.019408 0 0.0040858 0.017365 0.0061287 0.015322 0.032686 0.030644 0.0040858 0 0.0040858 0.0030644 0.081716 0.028601 0.034729 0.054137 0 0.17773 0 1
0 0 0.0010173 0.0020346 0.074262 0.025432 0 0.019329 0.061038 0.0081384 0.016277 0.0010173 0 0.056968 0 0.0091556 0.0010173 0.04883 0.012208 0.047813 0 0.070193 0.038657 0.045778 0.0010173 0.027467 0.034588 0.13225 0.072228 0.0081384 0 0.056968 0.018311 0.032553 0.0030519 0.0020346 0.0010173 0.0040692 0.0081384 0.0020346 0 0.0030519 0.046796 0 0.0071211 0 0
0 0.0020346 0.057986 0.0050865 0.09766 0.02238 0 0.02238 0.0061038 0.083418 0.023398 0 0.076297 0 0.0050865 0.049847 0.017294 0.013225 0.0040692 0.0050865 0 0.045778 0.021363 0.0071211 0.0010173 0 0.0081384 0.0010173 0.091556 0.0010173 0.023398 0.032553 0.046796 0.0020346 0.0010173 0.0030519 0 0.032553 0.028484 0.0040692 0.023398 0.12614 0.0050865 0 0.0030519 0 0
0.06002 0.0020346 0.032553 0 0.032553 0.024415 0 0.038657 0.050865 0 0.046796 0.0040692 0.035605 0 0 0 0.0081384 0.17803 0.0071211 0.0040692 0.01119 0.0071211 0.0010173 0.07528 0 0.0081384 0.030519 0.014242 0.0030519 0 0.0010173 0.0010173 0.0020346 0.043744 0.1058 0.0020346 0 0.013225 0.045778 0.013225 0.012208 0.0050865 0.014242 0.0010173 0.056968 0.0071211 1
0.012245 0.021429 0.020408 0 0.029592 0.005102 0 0.0010204 0.064286 0.005102 0.056122 0.0010204 0.02449 0 0.0081633 0.061224 0 0.016327 0.0020408 0.041837 0.022449 0.044898 0.0030612 0 0.0010204 0.068367 0.0010204 0.0030612 0.0061224 0 0.0081633 0.066327 0.032653 0.0040816 0.093878 0.0020408 0 0.11327 0.017347 0.0040816 0.056122 0.02551 0.010204 0.0010204 0.040816 0.0040816 1
0 0.10254 0.067005 0.018274 0.0040609 0.0091371 0 0.0091371 0 0.04467 0.041624 0 0 0 0 0.085279 0.030457 0.027411 0.016244 0 0 0.0020305 0.051777 0.037563 0 0.088325 0 0.018274 0.032487 0 0 0.037563 0.022335 0.015228 0.016244 0.033503 0.0010152 0.014213 0.043655 0.070051 0.014213 0 0.0050761 0 0.02132 0.019289 0
0 0 0.0061287 0.044944 0.012257 0.012257 0 0.011236 0 0.057201 0 0 0.046987 0.018386 0.015322 0.018386 0.0040858 0.033708 0 0.0061287 0 0.098059 0.0040858 0.20633 0.0010215 0.0020429 0.023493 0 0.0143 0 0.0091931 0.0010215 0.082737 0.010215 0.0010215 0.11032 0 0.040858 0.02145 0 0.037794 0.030644 0.0010215 0 0.017365 0 0
0.0040733 0.00611 0.023422 0 0.0040733 0.00611 0.04888 0.013238 0.032587 0.0020367 0.066191 0.013238 0 0 0.020367 0.059063 0 0.04277 0 0.017312 0.049898 0.0040733 0.011202 0.0010183 0.0071283 0.02444 0.062118 0.0020367 0 0.0040733 0.0071283 0.0040733 0.020367 0.0010183 0.032587 0.003055 0.0010183 0 0.0010183 0.1334 0.059063 0.016293 0.16395 0 0.031568 0 1
0.003055 0.0010183 0.017312 0.0040733 0.077393 0.00611 0 0.092668 0 0.053971 0.056008 0 0.041752 0 0 0.01222 0.0081466 0.07943 0.035642 0.009165 0.01222 0.0081466 0 0.020367 0.040733 0.003055 0.009165 0.0010183 0.028513 0.016293 0.003055 0.060081 0.052953 0.0050916 0.019348 0 0 0.049898 0.072301 0.01833 0.033605 0 0.031568 0 0.016293 0 1
0 0.022403 0.0040733 0.092668 0.040733 0 0 0.0081466 0 0.010183 0.003055 0 0.066191 0.065173 0.045825 0.016293 0.021385 0.16701 0 0.044807 0 0.01222 0.009165 0.027495 0.016293 0.035642 0.029532 0.0010183 0.003055 0.009165 0.0010183 0.0020367 0.0020367 0.059063 0.017312 0.047862 0 0.016293 0 0.052953 0.017312 0.0020367 0 0.0050916 0.025458 0 0
0 0 0.12959 0.016327 0.0061224 0 0 0 0 0.014286 0.0091837 0.0020408 0 0.0020408 0.031633 0.052041 0.032653 0.041837 0.0071429 0.0010204 0 0.04898 0.088776 0.018367 0.02449 0.091837 0.071429 0 0.0030612 0 0 0.052041 0.011224 0.010204 0.015306 0.0010204 0.0040816 0.030612 0.0061224 0.12755 0.034694 0 0.014286 0 0 0 0
0.027523 0 0.01631 0 0.062181 0.010194 0 0.0010194 0.044852 0.09684 0.0061162 0.0010194 0.0030581 0 0.013252 0.033639 0.014271 0.06422 0.0010194 0.020387 0 0.0030581 0 0.056065 0.04893 0.0040775 0.072375 0 0.033639 0.018349 0.010194 0.0010194 0.058104 0.0010194 0.041794 0.0081549 0 0.014271 0.081549 0.0020387 0.069317 0 0.026504 0.0010194 0.013252 0.019368 1
0 0.0010204 0.02551 0.0081633 0 0.12551 0 0.005102 0.0010204 0.061224 0.0040816 0 0 0 0.0040816 0.0091837 0.0061224 0.014286 0.019388 0 0 0.065306 0.022449 0.046939 0.012245 0.0040816 0.0010204 0.10816 0.014286 0.0040816 0.010204 0.018367 0 0.04898 0.057143 0.042857 0.0010204 0.058163 0.035714 0.057143 0.031633 0.005102 0 0 0.070408 0 0
0.035751 0.065373 0.0071502 0 0.010215 0.041879 0.0040858 0.012257 0.0143 0.030644 0.012257 0.029622 0.029622 0 0.041879 0.037794 0.0020429 0.046987 0.015322 0.0020429 0.0020429 0 0.085802 0.0030644 0.0071502 0.032686 0.059244 0 0 0 0.0040858 0.090909 0 0.025536 0.0030644 0.0071502 0.0010215 0.027579 0.0051073 0.0040858 0.10623 0.0091931 0.0051073 0.0091931 0.062308 0.010215 1
0 0.0010225 0.00818 0.00818 0.0071575 0.026585 0.0010225 0.027607 0.050102 0.00409 0.002045 0 0 0.01636 0.0010225 0.15849 0.0071575 0.20348 0.052147 0.0010225 0 0 0.031697 0.00818 0.00409 0.0071575 0.026585 0.0409 0.060327 0.026585 0 0.002045 0 0.011247 0 0 0 0.02863 0.048057 0.033742 0.014315 0.006135 0.0092025 0.033742 0.031697 0 0
0 0.027579 0.028601 0.012257 0.064351 0.0091931 0 0.042901 0 0.050051 0.019408 0 0 0 0.0030644 0.091931 0.0010215 0.028601 0.0081716 0.042901 0.0010215 0.0040858 0.0030644 0.0040858 0.0020429 0.0061287 0.0040858 0.11951 0 0 0 0.11747 0.068437 0.0020429 0.0061287 0.0143 0 0.010215 0.064351 0.10317 0.0143 0.024515 0.0010215 0 0 0 0
