1,30,0,14,8,7,2,9,17,5,1,4,0,2,0,13,1,0,0,0,9,2,44,2,0,60,66,17,0,11,0,1,0,0,43,12,0,17,5,17,15,0,4,50,1,6,7,1,1,0,0,3,11,0,33,0,1,0,0,0,15,6,2,0,3,0,5,0,10,0,12,1,0,3,6,18,26,5,0,0,0,0,14,0,10,0,21,9,4,21,29,0,0,8,0,31,0,120,2,0,24
1,2,34,6,14,0,5,8,0,1,0,0,9,19,0,4,0,2,0,11,0,1,6,0,0,6,20,0,0,0,24,2,2,8,2,5,0,1,1,16,0,0,73,9,0,21,3,0,11,18,0,4,6,0,28,0,6,1,15,3,51,0,21,19,8,0,4,10,8,0,7,0,8,81,19,15,6,125,0,4,0,0,7,0,2,46,12,1,13,30,11,10,9,2,0,0,5,3,16,1,3
0,0,1,26,0,22,0,3,11,0,26,8,19,0,8,3,3,12,17,1,0,14,3,0,1,1,3,4,3,0,21,3,0,1,0,3,3,13,1,11,0,9,11,49,17,5,4,2,0,23,0,10,1,23,2,0,9,14,30,3,6,7,84,8,30,0,17,34,8,0,0,11,36,9,7,0,3,0,15,5,27,7,0,2,0,30,17,0,0,8,4,25,6,6,0,12,1,23,34,9,14
1,45,0,1,7,0,7,19,0,14,13,3,0,19,15,1,1,0,0,2,5,0,19,1,5,2,1,0,0,0,0,0,0,90,5,0,0,1,0,8,5,16,0,29,0,0,1,1,0,0,167,6,1,4,2,12,0,0,5,0,20,0,1,31,13,0,0,0,18,0,1,0,7,3,6,31,10,40,0,19,2,1,0,7,30,15,0,42,19,10,21,0,4,20,0,12,0,3,16,5,20
1,71,3,7,1,29,20,2,4,1,17,0,7,1,4,69,0,0,10,2,1,0,1,0,0,22,14,10,5,3,3,9,0,0,12,0,1,0,2,33,0,0,6,20,0,25,3,0,10,0,2,6,8,20,2,1,19,5,7,4,111,1,15,2,0,0,0,0,7,2,10,0,19,4,8,19,27,45,0,1,8,0,14,3,1,0,13,10,2,1,2,0,0,39,0,10,23,26,2,6,22
0,0,2,6,0,51,0,17,11,0,0,10,10,2,12,7,7,43,18,10,5,13,65,0,0,11,26,12,10,0,4,6,9,0,0,9,17,0,0,23,6,38,0,16,0,0,25,10,1,2,1,6,6,14,0,6,28,0,16,31,0,18,13,12,2,10,5,0,2,18,6,0,19,5,0,23,0,5,9,0,0,0,10,1,0,0,0,42,0,19,0,3,1,3,0,2,1,5,59,11,30
0,0,2,4,0,4,0,40,0,1,0,18,0,0,29,0,3,13,70,1,3,0,0,0,0,1,0,2,0,16,26,18,0,15,11,11,3,7,0,3,7,0,0,2,8,3,34,1,17,5,1,73,0,0,0,1,2,8,18,21,0,2,24,17,0,0,48,12,29,2,1,6,0,0,2,2,13,0,10,2,52,37,27,9,0,3,0,4,0,2,13,49,5,45,0,0,0,12,20,2,9
1,30,13,0,12,1,4,20,13,48,28,48,2,0,0,27,0,1,1,1,2,1,21,2,0,13,21,2,0,1,0,39,7,0,18,0,0,0,8,12,0,0,5,33,0,6,14,4,17,0,6,13,6,0,0,0,47,25,0,3,10,1,7,28,8,0,5,0,0,0,15,0,2,1,0,10,27,7,26,7,0,0,6,2,0,4,25,3,13,73,7,1,8,4,0,7,0,24,17,32,0
1,5,9,5,45,0,12,17,59,1,0,2,33,0,0,9,0,0,0,0,3,0,6,0,1,2,2,27,0,41,4,8,0,0,11,15,0,0,0,63,7,0,0,23,3,32,8,0,3,0,1,1,4,4,7,0,0,62,0,2,44,0,4,8,0,0,0,2,5,0,11,1,23,72,1,0,5,55,2,24,4,7,2,1,18,3,2,9,13,21,3,0,0,4,0,7,3,15,4,2,45
1,11,1,34,3,39,26,23,2,1,29,7,11,16,5,33,0,2,0,0,33,27,15,1,2,10,10,0,0,0,18,2,0,47,5,0,2,24,4,0,2,0,7,19,0,6,1,17,0,20,9,12,0,10,0,6,9,6,3,0,11,0,0,6,0,0,2,0,13,0,4,27,2,0,16,3,16,6,0,4,14,0,7,0,0,15,12,50,9,28,48,0,1,7,0,20,4,39,8,16,0
0,0,1,12,0,35,0,0,1,5,3,5,9,2,0,12,23,4,2,2,0,2,0,0,0,0,0,31,4,4,13,6,11,0,13,6,20,10,24,24,6,23,31,0,5,0,36,0,0,2,0,10,28,24,0,4,56,7,9,13,0,0,7,37,8,0,33,9,1,19,0,13,8,15,0,26,4,4,13,5,5,44,7,0,0,0,0,4,0,0,32,0,8,29,6,1,0,41,11,25,1
1,4,7,7,9,68,9,1,4,47,43,0,11,4,0,2,19,0,5,34,6,50,6,12,13,35,0,1,0,0,4,0,8,0,6,0,0,0,0,15,1,3,0,19,0,1,3,0,1,0,0,5,10,0,2,27,4,4,25,0,18,0,10,47,14,0,0,0,6,0,2,17,2,0,13,12,1,16,5,10,0,0,0,0,33,104,13,23,0,2,24,0,0,4,0,4,0,14,28,0,3
1,12,0,14,0,2,29,18,0,5,0,0,0,12,0,27,8,4,0,0,1,20,20,14,11,27,26,2,0,0,32,67,0,34,0,0,4,0,0,4,7,0,7,36,0,13,20,36,7,22,8,12,7,20,1,0,3,16,0,0,0,0,1,16,25,0,25,0,2,0,0,19,1,8,16,4,1,10,2,8,0,1,24,1,16,9,26,0,1,18,0,3,0,14,0,48,25,10,17,0,0
0,2,0,21,0,9,0,11,0,0,30,0,10,6,5,1,9,3,0,27,4,5,2,23,0,0,60,10,5,0,26,0,1,0,1,11,14,1,9,12,16,10,3,19,1,0,45,3,0,15,20,8,4,71,16,6,34,1,13,3,0,0,24,27,35,0,0,1,12,10,0,0,1,4,1,24,1,0,23,2,37,11,21,1,0,0,3,4,0,12,22,18,4,3,0,0,0,5,11,10,26
1,42,0,0,30,1,6,14,1,7,1,0,0,19,0,15,11,0,0,0,17,15,13,4,0,8,17,68,2,1,4,1,0,7,7,39,0,0,0,4,7,0,4,2,0,29,7,4,0,0,35,23,4,2,1,0,3,8,5,2,10,0,5,11,7,0,5,0,21,4,2,0,2,3,1,31,16,41,4,17,29,3,2,12,9,19,1,18,135,12,1,5,0,0,0,7,4,5,32,0,0
0,0,6,18,0,3,0,29,11,0,1,2,7,0,11,17,0,16,7,0,0,0,0,30,0,48,0,0,15,0,5,1,0,3,62,22,7,5,0,36,8,12,0,7,0,3,2,2,0,54,2,0,49,0,0,0,10,9,49,11,0,3,26,0,5,0,9,34,0,0,0,0,5,19,0,32,0,0,45,15,3,0,33,13,0,0,0,0,0,3,1,10,4,14,8,26,0,24,13,20,19
0,0,0,37,0,16,0,0,4,2,0,15,18,22,8,0,15,38,3,1,4,0,0,2,0,1,3,0,3,2,0,12,0,2,2,9,28,0,13,7,38,31,4,16,3,10,35,50,0,7,0,17,0,1,10,10,1,2,2,11,0,0,3,8,51,0,115,21,12,0,0,8,1,20,0,5,14,0,0,9,5,1,0,5,0,2,0,5,0,3,0,3,5,6,0,42,0,4,18,30,48
1,19,51,24,10,6,21,35,1,1,0,0,20,0,0,8,0,0,0,0,0,0,5,0,0,13,17,29,0,3,0,8,1,3,49,0,0,0,0,1,0,0,0,32,0,2,60,13,0,0,0,76,17,0,0,3,2,14,4,0,9,0,35,30,26,0,1,0,1,0,2,0,45,4,9,38,2,27,0,7,0,0,29,0,9,0,9,23,8,36,26,0,0,6,0,6,0,26,1,1,0
1,0,3,8,26,12,3,7,4,0,3,0,3,4,4,15,6,0,1,3,0,0,6,1,1,10,13,7,0,0,13,0,0,3,10,4,0,0,0,1,6,0,0,2,0,55,0,5,46,0,3,0,9,82,6,0,1,9,15,0,53,0,32,27,64,0,0,0,24,0,0,0,22,10,4,14,24,39,0,1,9,0,42,2,28,1,36,1,0,16,0,7,3,0,0,29,0,28,1,11,22
1,2,0,14,26,31,35,13,17,2,4,0,2,0,0,1,0,1,2,2,3,0,0,5,2,106,16,10,0,0,0,16,12,1,44,3,0,0,3,25,1,0,0,0,0,1,22,0,0,0,0,19,6,22,0,0,51,9,0,4,19,0,2,86,0,0,0,0,38,0,23,10,12,0,12,10,0,12,1,7,2,0,3,3,20,5,0,12,2,10,0,0,1,24,0,0,9,54,0,40,12
1,9,9,34,3,0,8,12,31,27,30,0,0,17,1,28,0,12,1,0,8,16,4,22,0,22,0,3,0,17,0,0,0,29,4,0,0,0,17,2,16,0,0,0,0,21,19,0,0,4,39,4,12,3,0,6,11,18,1,3,5,0,103,22,19,0,0,1,2,0,37,0,15,2,3,24,36,23,1,19,0,0,8,8,8,14,0,1,12,0,1,0,0,13,0,1,0,41,14,2,2
0,0,1,62,1,22,0,22,21,5,7,3,20,0,55,0,0,4,99,0,0,9,5,0,0,55,0,8,42,0,15,4,4,0,1,10,6,0,1,47,0,53,0,2,1,0,38,0,23,1,6,4,23,2,2,5,10,2,21,5,0,4,0,11,2,0,1,18,0,5,0,5,3,20,27,2,0,0,20,0,4,0,16,3,0,0,4,0,0,36,1,3,9,11,1,0,0,11,6,4,12
1,0,12,0,0,75,40,12,0,0,1,1,5,1,1,0,16,0,0,3,7,2,3,4,0,43,1,0,0,4,10,3,0,1,3,7,0,0,2,16,4,0,17,7,9,49,7,5,3,17,9,5,1,27,9,4,1,0,1,1,0,0,39,54,3,0,0,33,20,0,16,5,2,6,2,20,22,42,0,22,2,0,0,8,33,12,1,1,31,11,2,0,4,13,0,81,0,14,1,9,1
1,0,1,12,10,4,12,48,1,38,3,0,16,0,26,6,15,9,0,1,0,0,9,21,9,14,6,2,0,11,3,14,0,18,8,0,2,3,0,3,1,0,1,1,0,3,21,7,67,0,0,10,10,55,0,26,1,10,24,7,25,0,2,17,5,8,0,1,9,1,28,4,0,7,4,36,8,10,8,0,0,0,11,8,0,1,61,0,14,12,10,0,0,42,0,15,0,1,9,26,6
1,0,0,2,7,3,6,15,10,0,4,0,0,5,1,3,1,3,0,6,0,0,44,1,1,25,15,0,0,0,0,0,7,8,30,41,0,0,0,23,0,0,53,6,0,4,0,12,15,1,1,54,18,3,1,34,31,8,4,0,8,0,25,3,12,0,0,15,2,0,23,1,24,3,2,46,22,16,0,6,0,0,64,10,4,7,15,5,4,71,8,0,0,33,0,0,0,5,4,8,15
1,0,16,14,6,3,5,1,25,4,10,1,0,3,0,0,0,0,13,1,0,3,0,10,1,35,8,14,0,15,0,49,1,0,37,0,0,0,0,11,0,0,0,13,0,45,4,3,28,0,4,22,2,25,71,3,0,27,9,2,3,0,0,12,0,0,0,15,8,0,16,0,9,15,23,6,66,1,0,20,0,0,13,0,21,52,2,43,9,0,1,2,36,13,0,18,0,6,0,3,2
1,5,0,9,6,9,4,2,11,7,100,0,1,29,0,0,0,0,4,2,10,11,0,6,0,37,18,30,0,0,14,6,0,0,24,0,0,32,1,88,0,0,0,24,0,20,35,4,20,0,9,36,10,10,0,0,1,21,0,0,4,0,2,11,12,49,0,1,1,0,27,0,0,7,22,47,0,23,4,4,0,0,0,27,0,0,1,4,2,0,6,0,0,6,0,6,15,20,0,3,0
0,0,25,20,2,17,0,2,3,29,3,19,2,0,19,0,26,3,14,7,0,0,2,6,0,1,2,0,18,4,26,6,0,6,1,55,0,36,0,2,21,10,2,21,41,0,8,0,1,14,1,3,0,6,0,2,3,3,21,7,0,2,8,7,20,0,1,0,2,46,1,4,2,8,2,31,22,0,18,17,52,47,0,9,36,4,0,4,1,26,0,0,2,5,0,3,0,9,12,35,4
1,1,4,20,14,2,31,16,1,13,1,0,7,14,0,44,0,0,0,0,0,0,2,8,1,40,22,0,0,0,8,32,8,1,11,0,0,12,6,2,0,0,0,7,4,5,17,3,8,0,3,14,0,0,2,0,5,5,9,0,23,0,35,12,2,0,16,0,33,0,0,0,8,12,21,53,33,66,0,19,12,1,4,1,2,9,43,7,20,27,12,1,8,30,0,1,3,15,26,2,0
0,0,0,8,0,26,0,22,5,0,0,6,25,1,9,0,6,9,14,14,0,6,1,1,0,4,7,0,12,3,20,4,2,22,0,35,6,6,0,68,6,6,0,1,6,0,0,0,0,2,10,0,0,22,0,8,37,0,0,22,0,24,17,10,0,0,13,41,29,12,0,0,19,1,0,10,15,3,13,87,8,0,43,47,0,0,8,1,2,15,5,1,3,13,0,21,5,1,15,2,19
1,1,0,50,0,32,17,39,0,47,6,0,15,11,51,0,0,0,0,34,4,2,7,2,0,2,3,2,0,0,0,20,6,11,24,3,10,0,0,0,8,4,9,39,0,10,2,0,1,8,1,67,19,1,1,3,1,30,7,1,22,0,5,8,19,0,3,2,54,0,0,0,0,0,5,26,19,30,0,0,0,0,7,12,8,5,2,4,1,11,82,0,0,0,0,1,0,14,2,0,1
0,0,12,53,0,0,0,6,25,4,1,0,7,4,2,0,0,37,37,21,0,4,0,0,0,26,3,0,9,0,5,3,3,8,2,12,1,12,0,0,0,16,5,26,21,0,3,0,0,5,6,12,9,22,12,13,18,77,13,20,0,0,33,32,1,0,0,5,29,0,0,9,7,17,0,28,0,0,22,9,1,0,29,1,0,0,10,2,0,8,1,2,6,19,0,3,38,6,11,0,54
0,0,0,4,0,2,0,1,60,14,1,26,1,0,1,1,1,6,7,0,1,32,41,0,36,0,9,1,1,0,34,8,5,2,0,6,7,0,21,0,0,5,0,7,25,3,0,0,2,3,3,5,9,0,11,7,36,14,65,45,0,31,44,7,17,0,3,0,8,16,0,20,15,0,11,3,12,0,0,35,0,0,20,21,0,0,3,0,0,67,0,0,0,13,0,12,0,1,0,26,13
0,0,5,2,0,29,0,14,17,20,6,19,8,0,19,5,2,37,38,5,2,18,0,2,0,0,0,0,15,0,94,24,0,1,28,16,9,1,0,20,0,38,0,6,5,3,8,2,1,22,0,31,0,0,0,5,8,0,17,2,0,1,10,8,0,0,6,30,5,1,0,0,26,5,0,27,18,0,6,3,3,1,0,28,0,0,0,19,0,8,10,1,7,11,0,0,0,9,6,76,38
0,0,3,13,0,53,0,0,0,6,0,1,16,0,10,20,15,21,10,5,0,7,1,0,0,0,0,8,19,0,18,4,0,0,0,28,20,0,7,48,17,47,0,15,20,0,0,0,0,4,0,23,0,8,1,2,2,27,4,5,0,0,9,22,13,0,11,5,8,1,10,18,7,17,0,15,3,0,26,9,29,0,46,9,0,0,2,52,0,44,15,11,0,4,7,8,0,44,0,4,4
1,37,3,12,2,6,3,56,8,32,0,0,7,22,0,1,0,2,6,2,15,3,46,0,0,2,22,4,22,0,8,6,2,42,9,0,4,0,0,0,3,0,9,2,0,1,6,84,27,2,22,18,17,3,1,1,6,5,0,11,43,0,3,1,3,0,49,0,6,2,13,0,0,29,6,23,16,7,27,22,0,0,8,4,0,3,1,0,8,21,5,0,2,13,0,2,0,6,15,19,1
1,0,21,21,3,5,39,112,8,6,17,4,1,0,23,4,5,86,7,0,0,0,7,1,0,10,30,0,0,0,0,35,0,4,1,0,0,0,12,6,5,0,10,5,3,50,3,0,7,0,0,26,0,4,8,2,5,8,0,0,6,0,2,8,0,28,7,33,2,0,50,0,5,0,2,0,42,14,0,0,0,0,14,1,17,0,40,1,38,1,1,23,0,2,0,2,0,13,11,0,0
0,4,9,29,0,20,0,5,0,0,30,0,17,27,0,0,0,0,28,0,0,29,0,65,0,1,38,2,0,0,7,11,0,0,4,25,0,25,3,0,0,24,0,2,3,1,53,0,0,4,4,21,9,6,13,5,7,0,2,7,0,35,15,29,0,3,0,14,10,6,1,0,6,8,13,18,13,0,12,56,1,18,4,11,0,0,0,2,0,15,19,2,2,29,0,0,0,13,12,2,48
1,22,0,9,1,0,17,5,26,25,50,0,40,6,1,9,0,0,0,0,4,2,1,3,0,12,34,8,0,8,13,27,2,22,6,0,0,0,0,3,0,0,0,35,0,10,9,18,40,4,4,33,14,25,0,4,1,9,16,1,21,0,35,1,0,0,0,9,0,0,13,0,5,19,0,6,0,17,1,3,13,0,32,7,0,38,17,29,15,24,0,0,0,8,0,13,2,4,32,0,15
0,0,0,24,0,8,0,28,17,0,0,22,1,1,12,34,39,10,23,5,17,0,15,0,0,22,14,1,1,1,34,3,1,7,0,12,5,2,0,7,2,2,0,8,21,0,1,1,0,5,12,1,3,2,0,1,42,0,25,33,9,1,2,87,8,0,6,0,11,0,0,6,5,13,0,8,18,16,1,9,5,7,24,2,0,0,0,2,0,31,39,1,6,9,0,31,17,31,24,6,2
0,0,25,23,0,12,0,2,2,5,16,51,15,0,27,0,38,6,11,7,28,19,7,3,0,6,6,0,4,0,70,13,0,4,4,13,13,11,5,40,10,0,0,23,8,0,3,0,0,9,0,19,0,42,0,40,21,0,2,0,16,7,3,20,6,0,14,20,38,6,0,6,9,3,0,9,8,8,10,6,0,1,5,9,0,0,0,0,0,3,0,9,2,9,3,13,10,7,6,14,13
0,0,5,4,0,0,0,7,6,15,0,1,2,0,7,7,2,86,13,0,5,0,12,0,1,2,0,0,3,0,34,0,4,1,12,0,2,15,0,1,0,6,0,4,20,0,13,1,0,3,4,0,1,7,12,66,9,31,20,0,2,10,5,35,5,0,0,14,46,0,0,0,37,3,0,5,31,10,0,18,3,0,23,8,8,1,0,25,0,0,0,48,2,5,0,85,0,0,52,10,28
1,6,1,29,0,6,65,1,9,11,0,0,0,7,7,6,0,0,0,0,8,0,27,4,0,13,8,2,0,0,0,0,0,7,33,5,1,0,0,0,0,0,0,36,0,3,1,6,41,4,1,31,4,2,3,3,38,5,31,18,43,0,22,12,0,0,0,0,5,0,3,2,0,12,17,1,8,27,9,15,0,0,4,15,55,81,37,7,26,3,7,0,0,14,0,19,14,1,21,2,0
1,0,0,12,0,12,25,36,0,25,8,0,0,8,0,7,6,0,0,1,2,0,2,17,1,11,29,7,5,0,25,2,22,29,2,0,0,20,0,1,5,4,0,32,0,5,21,7,0,7,0,33,4,11,0,0,27,36,1,1,18,0,2,25,69,1,11,8,1,0,37,0,10,0,8,47,10,11,7,28,0,0,14,6,0,39,2,10,1,2,3,1,0,3,0,54,0,21,2,1,0
0,0,0,3,0,22,0,0,0,8,0,34,24,0,8,0,14,72,4,2,0,13,0,3,0,29,5,7,12,1,4,0,10,0,24,29,6,4,25,34,29,0,1,3,5,0,4,34,26,5,7,41,6,23,0,0,7,0,18,10,12,11,3,17,8,0,0,7,0,0,16,3,40,4,0,40,0,2,39,0,21,17,0,22,0,0,0,0,0,14,0,3,0,18,0,19,0,13,7,0,13
0,1,0,11,0,0,0,30,4,6,7,8,0,0,10,0,2,18,3,14,0,36,12,1,0,18,0,1,8,10,23,23,0,0,1,1,33,0,0,33,0,18,0,0,43,0,33,1,0,1,3,5,0,9,0,5,5,2,36,1,15,1,5,53,6,46,19,15,10,0,0,6,25,39,0,8,0,3,18,8,0,11,0,12,0,0,1,0,0,27,1,21,18,0,0,38,0,32,32,4,9
0,0,4,1,0,21,0,2,1,0,0,13,16,5,19,0,4,0,1,14,4,8,7,3,0,0,3,8,5,0,27,4,0,0,0,23,14,0,0,10,0,0,74,1,1,14,7,0,6,10,4,12,4,0,16,23,97,0,16,6,1,3,1,8,14,7,9,33,6,4,0,0,22,3,10,28,17,0,27,40,0,2,19,4,32,9,5,29,0,0,0,0,0,4,0,66,4,19,8,21,0
1,3,9,11,3,0,18,6,1,5,11,0,0,0,13,21,4,0,0,7,14,0,5,5,3,83,2,1,1,0,46,10,0,27,12,3,0,0,0,15,0,0,5,3,0,32,60,0,29,1,16,10,45,29,0,4,13,60,4,0,24,0,8,4,0,0,0,0,0,8,1,0,16,1,7,8,0,12,9,21,18,0,28,23,0,14,8,17,10,0,7,0,0,10,0,0,2,7,25,17,2
1,11,0,40,0,28,14,123,10,0,2,1,1,0,0,19,2,0,1,26,2,8,0,0,10,30,1,20,0,1,0,3,0,7,44,4,0,1,0,0,5,0,0,20,0,13,3,6,11,0,8,20,15,2,0,21,35,11,0,13,16,0,27,38,5,0,0,0,0,0,5,0,3,6,7,29,27,5,0,2,7,6,1,10,2,2,1,0,36,1,1,0,1,20,0,0,4,31,43,20,15
1,7,21,33,1,3,24,11,41,2,63,0,0,1,0,2,0,0,0,0,0,3,5,3,12,7,16,0,0,2,0,0,0,42,19,0,2,0,3,7,36,0,0,10,0,4,19,10,53,0,0,13,24,3,1,4,23,3,42,1,50,0,23,13,18,0,1,0,0,0,3,0,14,0,72,15,3,7,0,3,0,0,3,25,14,1,6,5,26,10,2,0,6,12,0,11,0,3,1,6,32
0,0,23,5,0,40,0,0,12,7,15,1,8,0,0,37,6,14,7,34,0,0,0,0,0,0,3,24,2,10,14,1,0,0,1,76,40,4,9,2,1,27,0,33,1,0,2,0,0,3,2,30,0,11,0,4,3,0,0,27,0,0,41,31,1,0,0,0,14,1,0,18,4,7,0,0,16,7,1,29,7,0,41,1,1,0,0,9,0,21,40,12,11,0,1,6,28,19,34,14,2
1,21,0,16,20,9,4,5,0,0,5,0,0,3,4,3,0,0,0,2,23,24,19,0,0,37,8,1,0,0,0,3,88,25,15,9,40,0,1,23,13,4,8,7,0,27,9,12,13,0,2,4,5,13,25,0,0,3,17,0,50,10,9,3,31,1,17,7,10,0,47,21,2,0,1,2,6,6,1,10,0,0,7,0,2,5,4,2,23,12,7,0,8,3,0,19,0,44,4,19,0
1,0,1,6,3,0,18,15,31,60,7,0,11,0,0,5,10,0,2,0,14,1,10,12,0,28,32,0,0,0,0,0,0,0,7,4,0,3,0,5,3,0,3,6,0,15,17,0,15,0,18,10,0,16,4,4,9,1,12,0,2,0,1,34,38,0,0,0,18,0,45,0,22,52,1,34,11,15,0,33,0,0,1,3,43,24,8,2,10,2,31,2,0,3,0,51,0,35,1,6,12
0,0,0,18,0,3,0,0,5,0,6,1,13,0,0,1,9,16,24,0,0,3,16,0,13,0,0,37,10,0,12,19,0,16,5,67,11,2,0,27,13,6,0,6,0,0,59,0,7,2,0,0,0,15,0,11,10,36,53,5,6,0,0,20,1,0,14,0,47,0,0,14,18,17,0,6,9,0,68,24,22,1,13,15,0,0,4,8,0,2,0,1,0,25,0,0,5,19,18,12,14
0,0,4,18,0,1,0,15,0,4,0,30,13,0,11,35,8,0,0,2,4,0,5,5,0,14,5,28,72,13,7,0,0,0,15,14,9,22,1,14,17,31,9,31,6,0,13,8,0,16,0,16,1,0,0,41,11,0,43,52,0,1,1,55,8,13,3,10,1,29,3,2,10,37,0,12,1,0,0,6,0,0,1,9,0,0,8,0,0,0,0,0,0,43,0,3,0,8,15,7,16
0,0,1,51,0,4,0,3,0,4,3,0,16,0,9,21,2,2,9,0,0,16,0,0,0,13,7,12,4,0,31,3,5,0,0,4,35,0,6,0,54,15,18,53,8,0,9,0,0,29,0,11,1,31,0,10,12,0,3,16,3,0,28,21,6,0,14,30,16,35,0,4,25,1,0,12,0,0,2,18,0,0,6,4,0,8,1,12,0,31,3,0,28,6,0,20,0,0,35,47,12
1,11,16,1,16,0,8,2,20,3,10,0,2,7,2,2,3,22,0,70,4,16,16,1,4,10,4,3,0,1,5,14,9,2,2,0,0,21,7,0,9,0,2,2,0,4,33,3,2,0,0,84,4,6,19,29,0,1,0,5,12,0,48,8,25,0,2,0,2,0,12,0,4,26,0,0,6,1,0,3,2,0,2,56,3,8,0,2,22,8,1,61,5,6,0,18,0,50,9,11,25
0,0,0,3,0,5,0,18,17,10,7,5,25,8,5,2,0,2,2,0,17,32,0,0,0,52,3,5,3,1,14,29,0,3,15,101,16,20,0,0,0,20,23,1,1,0,5,4,0,0,26,9,0,32,0,53,2,0,10,43,0,7,15,10,4,0,2,25,27,3,20,23,16,0,2,22,2,0,18,7,22,23,3,2,8,0,5,0,1,0,0,0,0,0,0,21,0,2,2,4,13
1,3,0,7,3,15,13,14,3,15,21,0,5,2,0,10,9,5,0,1,16,0,11,5,0,21,6,4,0,0,1,10,2,11,56,0,0,15,4,2,41,0,18,6,0,10,28,2,9,20,0,22,0,3,0,21,13,0,3,43,7,0,0,61,14,2,0,0,11,0,1,0,15,1,51,21,24,16,54,21,11,0,4,15,1,8,0,6,22,18,35,2,0,3,0,0,3,1,5,0,1
0,0,4,3,9,2,0,1,40,7,0,16,13,33,5,2,30,7,66,0,0,0,1,20,0,2,0,2,0,0,7,1,19,0,17,18,15,19,0,21,2,13,3,0,1,20,1,0,1,0,1,3,0,19,6,0,37,3,25,33,5,52,27,3,0,11,4,1,16,0,0,22,0,1,0,1,0,9,0,14,2,0,5,13,0,0,4,23,0,24,0,0,0,51,0,0,5,0,0,99,15
1,11,2,7,11,1,0,0,0,3,30,0,20,2,0,0,3,0,3,0,59,25,0,0,11,20,41,3,0,0,1,31,14,4,7,0,0,0,0,1,3,0,5,16,8,15,0,0,24,25,9,4,1,17,0,21,3,1,20,3,38,0,1,21,12,0,3,2,5,0,0,0,9,14,10,13,18,0,1,14,0,0,5,0,24,1,24,26,33,35,17,0,21,25,0,3,5,0,0,14,82
0,0,19,1,0,8,0,10,3,14,7,26,6,3,31,0,8,31,33,83,0,0,0,0,0,0,3,0,0,0,40,22,1,0,3,10,7,6,1,44,4,0,0,11,14,0,2,0,0,3,13,72,0,0,0,17,45,2,38,6,0,7,12,9,9,0,14,0,64,3,0,11,60,1,0,7,0,0,2,0,0,5,31,8,0,0,11,0,3,3,5,1,1,14,0,4,0,13,12,4,2
1,13,24,1,14,0,15,51,2,11,21,0,1,0,0,4,0,0,0,11,3,23,8,6,13,29,8,2,0,0,0,3,0,26,13,0,0,0,0,4,0,0,2,55,0,55,42,7,5,3,27,6,1,17,1,29,1,39,1,5,9,0,2,16,1,0,15,3,1,0,22,0,10,0,3,16,16,14,0,17,0,0,0,33,1,7,3,0,8,23,2,2,0,42,0,31,0,46,0,10,6
1,23,0,0,0,3,6,21,0,3,7,7,0,0,0,13,0,0,0,0,9,41,51,5,0,19,0,33,0,0,13,18,1,17,9,14,0,0,0,0,25,0,0,25,0,25,6,0,0,1,2,8,5,5,0,4,3,8,15,0,2,0,0,7,5,0,29,4,2,0,1,0,11,4,64,42,11,10,9,4,0,0,11,23,42,3,11,5,52,1,0,0,0,6,0,0,11,102,34,0,11
1,28,0,9,2,2,14,1,0,23,8,0,1,17,0,1,5,0,0,0,10,0,17,2,0,49,19,6,25,4,0,34,0,34,1,2,0,0,15,0,8,0,2,28,0,13,14,0,29,2,0,14,3,0,0,0,0,32,0,0,8,0,3,17,0,0,0,2,16,1,30,0,0,8,9,4,33,21,2,18,0,0,5,23,20,3,11,16,54,1,43,11,0,82,0,1,12,23,0,8,0
1,1,0,0,0,0,15,2,0,6,7,0,51,49,0,9,6,0,0,5,46,3,44,0,0,12,5,15,7,12,1,17,1,6,3,36,0,1,11,3,0,0,0,8,0,21,22,93,10,0,5,13,0,2,0,2,17,9,4,0,11,0,0,0,9,0,3,0,0,0,10,9,21,0,21,13,21,2,9,0,21,0,13,33,3,13,13,19,0,19,7,0,34,6,0,6,2,13,2,31,15
1,21,16,31,7,3,4,6,0,13,12,0,4,0,28,1,0,7,0,0,0,5,18,0,21,11,42,0,0,2,1,1,32,0,17,0,0,1,35,1,2,0,0,31,0,3,36,0,0,0,5,1,3,9,0,1,12,3,4,24,15,1,39,7,32,0,0,2,44,3,6,5,4,6,22,27,22,4,47,15,0,0,5,14,37,36,5,17,2,5,2,3,21,1,0,1,3,21,10,0,1
0,0,3,10,1,6,0,55,0,8,2,11,5,0,20,2,10,2,13,53,1,49,2,0,0,1,1,0,56,0,1,1,0,0,11,8,2,0,0,8,0,73,2,18,10,13,3,0,5,10,0,5,0,1,0,4,29,0,0,0,0,0,65,52,4,26,0,4,12,4,2,2,15,1,0,17,0,0,7,9,23,0,73,17,0,0,16,0,0,15,2,3,4,36,0,8,0,0,1,8,19
0,0,0,44,0,15,0,5,0,2,1,26,29,0,12,0,6,3,25,26,0,0,14,0,0,5,1,12,16,0,20,6,0,1,7,10,32,5,1,7,20,15,0,6,42,0,16,0,3,1,0,9,0,2,0,0,1,0,49,0,0,0,6,90,66,0,25,0,6,3,3,12,46,10,4,26,7,0,10,9,0,0,0,32,4,0,4,0,0,1,8,37,8,4,3,3,0,13,4,0,17
0,8,0,7,0,4,0,1,12,4,2,4,8,3,8,0,0,23,3,5,0,12,2,0,0,10,47,14,14,0,5,11,0,0,4,8,9,67,6,0,4,54,1,0,0,0,14,6,7,4,0,24,21,3,0,3,7,1,13,19,2,0,29,29,16,0,32,32,0,27,0,12,16,14,1,53,38,0,30,19,1,17,19,0,0,0,0,2,0,16,0,4,12,15,0,2,16,3,18,0,4
1,1,5,57,7,1,38,2,0,0,13,6,1,0,0,21,13,1,0,0,3,26,8,1,0,2,13,16,1,2,23,28,14,2,2,0,1,0,3,2,0,0,3,5,0,78,14,1,48,5,8,4,0,4,0,5,15,34,24,1,9,0,16,4,0,2,17,9,39,0,0,0,2,0,5,3,14,25,0,1,0,0,8,6,13,67,8,18,18,14,8,0,0,27,0,21,5,12,25,0,0
0,0,0,3,0,25,0,0,0,8,28,9,0,0,0,0,12,10,1,29,0,2,2,1,0,21,32,26,11,11,0,6,11,0,0,2,1,11,0,41,0,26,2,0,22,10,5,5,0,44,0,1,27,6,0,4,2,0,16,6,68,6,5,4,1,0,4,0,38,29,26,22,0,15,0,9,2,0,32,2,1,9,14,42,0,0,28,0,0,15,0,23,1,16,1,52,0,8,2,7,6
1,13,76,21,0,20,19,3,0,0,7,2,4,74,0,0,25,15,0,0,5,0,18,3,0,42,26,1,0,0,1,1,0,34,4,0,37,12,18,6,3,0,1,12,0,0,6,38,12,0,0,29,5,20,1,0,8,21,1,1,15,0,24,10,1,0,0,26,6,0,15,0,12,3,4,5,1,24,0,0,0,0,39,1,0,5,15,0,30,34,6,5,11,3,0,2,0,8,1,1,7
0,0,0,6,0,1,0,89,1,1,0,5,8,0,5,5,0,3,0,5,0,9,11,0,0,0,3,18,19,1,47,0,1,30,2,81,31,2,0,23,1,45,0,3,23,0,0,1,23,20,0,5,0,10,0,0,3,37,5,11,0,0,0,47,37,2,7,15,27,1,0,12,10,0,0,28,14,0,11,2,23,4,5,10,0,0,5,8,0,2,4,7,0,15,0,10,3,6,11,18,21
1,19,0,3,13,0,16,0,30,8,0,0,52,19,3,29,4,1,0,7,13,1,10,26,0,31,13,0,0,2,0,4,1,36,0,3,0,2,2,0,53,0,0,3,0,17,33,89,5,17,1,24,3,8,1,1,6,7,5,0,3,0,7,9,5,0,31,0,3,0,13,0,25,4,26,8,48,7,1,2,0,0,19,0,28,2,6,26,4,10,3,0,6,7,0,0,0,4,0,28,0
0,9,1,30,6,0,0,10,22,0,3,43,10,0,18,2,0,27,20,1,0,28,0,5,0,0,31,0,2,21,18,0,1,0,2,30,27,34,1,11,0,34,0,2,49,2,31,0,7,24,0,14,10,9,0,1,12,0,5,1,2,1,2,3,0,0,6,0,28,8,0,0,4,4,0,10,69,0,4,19,6,1,0,22,6,0,4,1,0,5,9,0,0,27,0,1,0,57,32,0,17
0,0,4,2,0,0,0,0,0,6,1,1,21,0,9,8,29,14,2,1,0,3,0,4,0,0,17,21,27,2,5,0,0,13,28,30,2,0,2,25,1,39,0,14,0,0,3,5,9,2,6,3,5,0,5,3,66,0,20,50,0,16,2,17,23,0,12,2,14,0,0,9,39,22,0,65,52,0,19,4,4,0,4,0,0,0,9,3,0,41,2,6,0,25,0,6,11,27,11,1,6
0,0,0,14,0,6,0,3,17,10,3,2,5,1,10,22,0,47,28,34,7,4,1,0,6,65,14,17,0,0,3,3,0,6,7,15,6,3,0,0,3,1,0,35,2,0,2,24,10,5,24,5,0,10,0,13,32,0,24,11,2,0,0,10,37,0,8,4,6,2,0,85,88,10,18,16,1,1,10,2,0,0,1,4,0,0,4,2,0,8,5,0,0,10,0,0,2,32,4,21,4
1,23,0,34,1,1,12,17,8,14,6,7,1,1,0,1,0,0,7,23,0,1,0,23,0,1,14,21,0,6,0,29,2,8,57,0,35,0,0,0,1,2,0,32,0,57,23,0,12,6,6,7,3,0,4,4,22,1,19,1,1,0,10,20,46,2,13,0,4,0,4,0,15,5,5,27,35,12,6,58,1,0,0,20,6,22,1,4,2,25,16,0,3,17,0,2,0,9,5,8,3
0,0,3,18,0,45,0,0,0,13,8,1,9,0,23,1,6,0,24,44,0,45,2,0,0,8,10,11,3,0,32,2,0,0,0,0,14,0,33,7,0,10,0,23,32,0,20,1,0,8,0,0,0,1,1,33,10,0,14,9,2,29,8,22,2,0,36,10,18,20,0,0,28,22,0,0,1,0,21,0,0,0,5,43,0,0,28,0,0,13,1,0,1,46,0,3,0,19,1,48,9
0,0,15,22,0,53,0,14,3,6,0,24,0,0,13,4,7,8,0,28,0,0,1,1,0,32,1,0,27,15,0,11,0,0,28,0,29,0,0,6,0,61,0,11,2,0,2,20,0,0,0,3,1,5,1,2,19,6,41,43,0,0,1,4,14,0,0,17,24,0,0,69,2,16,2,47,2,0,13,9,3,11,0,20,0,0,9,1,0,6,1,0,0,59,0,9,0,11,5,5,35
1,4,3,13,5,0,34,36,0,7,1,20,0,16,0,8,0,15,0,0,66,0,30,17,0,15,12,8,0,23,23,0,0,24,10,0,0,14,0,27,0,0,8,17,0,3,65,44,13,1,5,14,27,0,0,4,0,20,0,4,1,0,11,23,60,0,2,0,4,0,20,0,13,0,14,8,36,0,1,1,0,0,20,6,3,0,2,5,3,10,1,0,11,15,0,3,0,11,6,8,5
1,71,1,15,0,0,3,12,7,7,6,4,1,5,3,34,53,0,0,8,1,21,8,0,19,13,7,16,0,0,10,9,0,5,6,0,0,0,0,4,0,0,3,9,0,1,18,21,75,0,2,5,5,27,0,2,26,6,12,0,26,0,18,1,9,1,0,9,2,7,11,0,12,16,14,0,20,16,8,6,5,4,9,17,22,43,3,11,22,3,3,0,0,0,0,1,0,40,0,29,13
1,8,7,31,7,38,3,7,5,4,12,0,13,2,0,41,0,4,0,0,0,22,7,13,20,4,46,0,8,5,0,12,15,1,26,0,0,2,0,4,1,2,9,14,0,9,29,10,14,13,0,20,0,2,0,11,0,1,3,5,6,0,6,7,5,0,5,0,13,4,0,0,1,10,32,5,0,49,3,1,0,0,0,17,1,20,18,3,12,83,0,0,0,44,0,6,3,4,2,42,47
1,43,2,2,1,5,1,16,12,46,1,1,8,2,1,11,0,0,5,0,0,0,10,12,70,9,19,6,0,9,3,0,2,0,1,0,0,1,6,0,1,0,3,34,0,33,1,15,0,0,1,8,17,13,0,3,0,16,0,3,55,1,0,50,3,0,14,0,5,0,5,0,23,0,18,4,67,36,0,17,0,0,0,20,19,25,0,0,15,53,16,0,3,1,0,1,0,21,4,1,32
0,0,1,19,0,0,0,2,0,10,2,1,2,0,7,3,1,2,49,5,0,20,3,0,0,6,14,0,23,0,0,7,2,5,9,8,4,59,14,21,17,27,0,0,3,0,5,1,1,10,5,58,18,1,0,21,43,0,13,11,20,8,11,25,2,2,23,14,26,0,0,0,0,3,0,21,0,0,22,1,39,0,7,64,0,0,0,13,6,2,7,8,47,24,0,6,0,6,10,2,14
1,64,10,10,20,6,9,38,0,13,34,0,1,1,0,26,0,1,0,2,1,3,19,1,5,44,26,1,0,0,19,2,0,0,47,1,0,0,3,12,2,0,1,6,2,2,2,3,0,3,0,7,3,2,8,12,0,11,45,0,1,0,9,17,10,3,1,4,8,0,12,2,29,7,2,0,27,36,14,8,5,0,17,12,14,40,2,27,9,13,8,0,0,62,0,1,12,8,0,6,0
1,15,0,5,3,2,9,31,4,36,4,0,13,23,0,60,0,0,3,0,6,0,14,33,0,11,13,0,0,0,1,17,0,0,16,2,2,1,13,0,4,0,12,3,0,35,1,0,23,9,1,16,0,15,18,0,30,2,1,1,19,4,43,36,2,8,0,3,4,18,0,0,25,0,13,4,32,2,2,0,0,0,10,9,3,14,39,0,7,10,37,0,0,32,0,0,0,16,4,47,5
0,0,0,0,0,6,0,1,62,23,0,1,0,0,1,4,22,24,11,11,0,4,48,11,1,28,0,0,9,18,25,39,0,0,34,24,1,24,0,9,7,31,2,4,35,2,0,0,16,0,0,3,0,7,0,46,32,1,14,35,0,1,33,13,0,0,15,11,8,1,29,23,0,16,0,2,5,16,16,1,1,6,0,19,0,0,0,10,0,3,7,0,6,6,0,0,3,0,27,6,5
1,22,26,2,8,0,22,11,2,8,0,0,2,34,0,4,0,0,0,0,6,0,2,9,0,14,27,1,0,20,4,0,11,28,16,0,0,2,0,4,2,0,21,2,0,23,4,22,10,3,0,17,0,0,0,6,5,31,1,20,7,0,4,13,13,0,0,4,3,0,4,0,14,7,9,48,33,32,33,32,2,0,22,53,1,9,4,2,13,53,0,1,4,2,0,15,2,72,0,0,0
0,0,2,2,0,4,0,4,24,1,0,4,18,0,0,29,4,17,11,6,1,6,7,0,0,3,18,0,2,0,10,1,4,4,3,74,86,10,1,4,11,10,0,13,2,0,13,12,0,0,30,0,1,25,0,5,14,0,7,29,2,4,23,16,5,0,0,27,9,0,0,2,17,0,14,85,22,0,4,0,9,0,37,35,0,0,0,0,0,15,0,0,0,9,0,5,15,13,47,13,1
0,0,16,5,0,1,0,5,0,4,1,41,43,0,1,0,42,2,12,1,3,2,16,0,1,9,0,27,6,0,6,4,0,0,2,4,24,3,0,17,2,13,0,6,43,0,1,4,0,25,0,18,1,0,21,2,1,1,14,20,48,36,16,0,5,0,40,18,5,3,55,1,26,8,27,25,0,1,9,1,0,60,0,13,9,0,2,2,0,35,0,4,2,8,0,0,0,20,4,0,5
1,44,2,11,40,0,66,14,3,21,2,9,0,3,0,1,0,0,0,0,19,0,5,0,0,100,6,4,10,37,2,0,0,1,34,0,0,14,0,20,5,0,5,16,3,0,45,2,3,1,8,41,8,13,2,0,6,2,2,20,0,0,10,14,12,0,1,1,4,0,1,0,3,1,30,2,2,0,7,0,0,0,19,3,1,52,21,0,5,25,16,0,1,9,0,22,0,2,21,0,30
1,0,5,12,0,6,2,8,25,8,18,2,0,2,0,15,0,0,0,0,16,15,5,19,0,38,30,5,0,0,0,1,0,0,4,3,0,1,0,15,3,0,16,3,0,9,29,9,35,1,13,10,0,14,0,17,17,62,48,0,33,0,6,5,16,0,5,23,0,0,2,1,13,2,79,42,20,0,0,35,1,0,23,0,0,4,0,4,0,1,12,0,4,7,0,7,0,63,10,0,0
1,17,0,25,35,1,0,8,2,3,24,24,0,0,0,1,0,16,8,3,5,8,1,20,0,0,3,19,0,35,47,10,11,6,8,1,0,3,9,1,1,0,0,13,0,8,1,17,5,4,1,19,28,12,0,1,1,8,0,0,2,0,7,46,19,0,5,10,3,0,25,1,0,0,3,8,6,46,0,3,0,0,0,71,0,37,2,2,32,3,52,0,0,3,0,0,22,22,3,52,4
0,0,1,3,0,1,0,5,10,3,10,33,4,2,1,0,23,15,21,15,5,0,44,0,2,25,39,38,8,2,8,0,13,14,1,45,33,0,0,8,0,1,1,21,14,0,7,13,0,10,0,3,3,0,8,9,2,7,32,7,6,3,80,11,5,2,28,3,0,1,0,16,0,9,0,28,3,1,2,3,9,52,22,5,0,0,11,2,0,1,0,0,0,1,0,16,31,1,1,23,11
1,16,1,51,26,0,14,5,0,0,3,1,20,0,0,72,0,1,0,27,13,3,20,7,0,14,4,2,0,0,0,2,31,4,4,4,0,0,0,0,0,0,0,4,0,4,6,3,4,0,6,37,4,12,23,22,3,41,0,4,38,0,7,4,22,2,0,1,16,0,5,0,45,0,2,3,12,3,3,26,0,0,48,0,20,11,4,4,8,9,4,3,4,51,0,0,0,1,22,38,26
0,0,1,1,0,61,0,0,10,0,0,6,3,0,4,0,7,13,15,2,1,20,5,0,0,38,14,0,28,0,32,3,0,17,21,21,3,8,3,0,3,41,0,0,3,9,3,2,0,3,18,4,10,0,0,16,4,1,53,11,3,3,14,0,27,1,0,65,1,5,2,3,32,8,0,4,1,0,69,27,2,4,2,3,0,0,16,20,0,14,0,3,0,4,0,2,0,12,24,48,21
0,0,5,17,0,4,11,11,4,3,4,5,5,12,29,8,12,7,29,19,0,21,0,6,0,8,20,2,21,0,0,0,27,0,0,11,30,3,0,1,2,1,0,10,0,0,41,29,0,17,0,12,2,5,0,0,17,6,18,7,0,41,25,42,0,3,1,14,6,3,3,4,24,18,0,14,1,0,43,2,13,17,17,5,0,0,0,6,0,3,8,1,6,13,0,1,0,23,52,7,41
0,0,6,2,0,8,0,0,0,0,6,0,25,4,0,20,5,10,6,16,0,0,4,9,1,14,1,16,1,0,5,1,0,41,0,3,24,19,2,7,0,14,0,13,0,5,2,0,5,4,17,1,0,54,4,15,4,0,23,9,6,15,5,33,10,6,91,11,2,57,1,7,59,31,0,5,3,1,4,12,0,2,4,8,0,0,1,18,0,15,6,0,5,2,0,5,0,45,20,15,22
0,0,2,0,0,12,0,12,12,0,7,11,22,0,14,14,0,9,5,13,0,1,3,11,0,30,13,8,26,4,50,3,2,14,0,15,30,5,0,31,0,19,0,59,5,14,1,8,0,21,0,1,0,5,26,3,9,6,5,4,14,2,14,4,0,0,1,6,11,24,13,1,2,19,15,40,1,3,67,4,13,0,2,1,0,0,4,5,0,4,3,2,32,6,0,15,2,11,33,10,8
1,13,0,16,8,8,16,23,0,3,1,10,0,47,23,11,8,0,0,0,0,10,45,0,0,42,16,9,25,0,2,13,0,2,1,0,0,12,40,2,42,0,0,26,0,23,0,2,27,2,1,11,2,5,14,4,0,1,13,4,4,0,7,2,22,0,0,2,36,0,38,3,0,0,13,3,9,12,0,0,0,0,7,4,5,35,15,0,37,26,0,1,2,60,0,8,0,4,1,16,4
0,0,0,14,0,7,0,28,3,0,0,7,30,0,12,6,28,9,10,12,0,1,6,0,0,31,11,0,1,11,4,15,0,0,14,6,12,9,8,8,0,29,0,2,1,18,2,0,0,44,0,1,1,1,0,39,11,4,1,45,0,0,17,23,9,0,35,17,28,21,0,2,16,4,0,1,0,24,2,7,0,13,19,14,0,0,0,0,7,8,0,2,71,1,0,1,48,17,7,18,24
1,1,1,4,0,7,76,4,0,3,4,0,1,5,2,15,0,0,0,0,7,1,26,4,0,45,8,4,0,4,1,1,40,3,6,0,0,0,2,0,6,0,8,0,0,28,7,1,12,0,0,4,0,10,0,0,9,0,0,47,3,0,7,14,7,0,0,16,9,15,27,27,15,8,51,24,1,2,8,0,0,0,39,2,0,5,16,6,82,3,0,45,0,51,0,4,0,26,0,41,1
0,0,0,0,0,3,0,7,4,11,0,22,23,0,0,3,11,0,20,6,0,0,4,0,16,28,2,0,2,0,0,2,0,0,2,3,7,12,0,29,5,12,0,1,5,0,0,0,0,18,19,0,8,15,0,18,9,0,5,41,0,7,27,24,36,0,6,81,23,7,1,11,5,53,0,61,1,1,6,22,4,0,56,0,0,1,0,11,0,24,6,12,1,9,0,5,0,54,1,27,5
1,20,0,34,12,0,18,31,1,27,2,1,29,11,17,24,1,0,34,0,8,0,19,0,0,8,18,0,0,0,1,0,1,3,3,18,0,0,0,0,4,0,0,7,0,40,24,22,49,5,0,0,6,36,0,0,17,9,6,0,10,0,1,6,10,0,0,0,17,0,32,6,6,0,1,16,1,13,1,44,5,0,5,0,10,9,0,0,14,63,2,0,8,15,0,15,0,14,11,57,1
0,0,2,2,1,14,0,27,0,6,3,2,2,9,2,20,3,9,24,30,2,0,5,0,0,4,1,29,11,0,20,2,6,0,23,24,18,33,0,3,1,15,5,27,0,1,0,0,46,36,0,37,4,7,0,3,47,3,3,2,5,19,7,1,0,1,16,17,8,21,9,5,1,18,0,17,0,0,52,34,1,16,13,23,0,6,2,0,0,42,0,18,1,0,5,0,0,0,9,13,6
1,16,0,18,0,11,28,6,5,9,10,5,0,17,0,8,0,6,7,0,94,0,10,11,2,10,17,0,0,17,1,26,0,3,4,0,1,3,5,4,20,0,0,12,0,19,5,0,9,0,13,11,14,37,1,3,15,29,0,22,8,0,0,8,15,0,0,4,1,0,0,0,7,10,23,0,16,44,25,0,2,0,76,4,3,1,18,0,19,9,1,0,0,12,0,1,0,12,27,51,3
1,23,4,6,26,0,2,1,26,10,13,0,0,6,1,3,0,0,0,0,0,1,6,62,5,1,17,31,0,1,0,24,0,4,17,0,1,0,46,1,0,3,26,61,0,2,0,1,0,0,7,17,9,0,0,0,28,0,0,0,0,0,39,40,7,0,4,0,1,0,5,7,0,3,27,38,14,16,2,1,11,0,15,2,4,4,1,3,28,29,5,6,1,4,0,1,25,62,18,15,31
1,4,0,0,10,0,18,1,8,26,10,0,11,0,0,12,0,0,1,9,35,17,28,25,0,39,28,3,0,0,15,0,0,0,3,27,0,9,1,0,5,0,4,3,0,50,9,51,5,2,7,21,1,5,2,30,1,2,26,9,1,0,22,7,7,0,0,10,3,0,2,0,24,38,0,5,53,6,2,0,8,0,15,6,6,5,15,2,12,5,2,0,1,18,0,14,0,9,55,20,15
0,0,20,3,0,11,0,0,0,1,0,10,29,6,55,18,8,0,12,7,0,3,49,0,0,8,3,2,4,0,2,0,0,19,2,2,45,14,20,31,24,4,2,1,13,0,6,0,49,5,0,22,0,62,0,11,13,9,4,21,0,7,28,21,1,0,0,10,30,0,0,1,22,53,2,1,0,2,2,19,0,1,7,14,0,0,3,3,0,7,0,0,3,29,0,0,14,3,6,32,8
0,23,2,16,0,0,0,0,0,4,5,5,18,0,22,1,18,21,16,12,0,0,30,0,0,15,0,2,42,0,32,9,16,0,33,1,21,45,0,5,3,86,0,2,4,0,4,3,9,26,0,10,0,1,0,5,7,15,29,17,0,16,32,31,9,0,15,17,0,0,0,1,0,10,0,15,2,0,39,0,1,0,1,0,0,0,0,0,4,3,12,0,41,8,9,2,12,0,10,28,4
0,0,8,27,0,12,0,4,4,28,33,42,7,3,31,28,3,19,66,22,3,5,10,0,0,32,0,10,1,2,0,13,4,6,23,1,3,4,1,9,0,6,0,42,0,4,38,0,0,0,1,15,0,0,0,0,23,0,3,9,8,0,13,30,0,0,23,0,33,0,0,9,1,10,0,13,2,0,14,14,0,0,15,15,0,0,4,9,0,2,0,4,0,14,0,6,0,59,35,17,1
1,13,20,5,25,14,12,28,0,11,3,0,23,0,53,5,27,0,1,3,20,0,17,0,9,2,26,2,0,0,20,7,20,1,27,3,0,0,3,7,11,0,0,31,0,22,13,5,37,0,16,8,0,5,0,3,2,6,0,5,76,0,4,56,14,0,0,1,3,0,2,0,5,5,11,9,17,5,5,4,0,0,2,5,5,1,5,4,9,2,11,0,0,4,0,1,5,7,76,4,29
0,0,25,28,0,1,0,11,2,6,28,73,41,7,0,2,5,6,12,15,0,0,1,0,13,2,16,0,1,4,66,26,0,0,14,4,30,10,0,17,0,36,2,15,1,0,3,0,2,3,0,46,0,0,0,2,1,0,16,7,1,0,5,25,1,0,2,4,28,49,0,4,11,3,0,11,3,0,20,8,0,13,7,22,0,0,0,8,0,17,9,0,13,7,13,19,0,8,6,24,18
1,6,6,15,2,4,5,10,1,3,31,32,2,38,0,6,0,2,4,0,11,10,58,0,0,7,5,4,0,4,19,0,1,44,9,2,0,1,0,7,2,0,0,1,0,38,3,1,0,0,3,52,9,3,0,0,0,7,21,17,53,0,20,6,20,0,5,0,14,14,5,37,2,4,0,14,5,9,0,18,1,0,15,1,0,22,7,11,4,27,0,0,10,41,0,1,13,15,2,54,2
1,0,20,0,14,3,37,30,5,34,37,0,22,7,0,20,2,0,15,17,2,0,40,24,0,23,0,1,5,7,4,0,0,0,7,1,0,21,2,3,18,0,9,22,0,23,50,24,2,0,1,8,1,1,1,1,6,5,0,0,26,0,19,25,11,0,1,1,3,7,9,0,35,14,18,23,26,2,3,8,1,4,8,2,0,28,5,3,5,16,2,7,17,1,0,3,0,37,0,5,6
1,28,33,6,27,2,1,14,24,7,8,1,4,2,1,76,2,0,0,1,8,0,15,0,0,10,18,0,0,3,0,37,1,14,0,0,19,5,0,1,6,0,0,17,0,24,14,6,6,0,8,13,4,1,1,3,6,12,0,0,1,0,10,10,76,0,14,1,0,1,10,0,11,0,4,2,21,0,5,24,3,0,21,0,14,36,29,5,21,2,12,35,0,22,0,4,0,28,53,1,0
0,0,0,21,0,35,0,10,13,8,0,2,2,16,1,0,4,12,92,4,0,1,2,11,1,0,24,9,0,1,26,1,0,3,0,12,8,10,0,2,0,8,0,0,11,0,9,0,5,0,0,4,0,7,1,0,12,4,24,60,11,7,15,50,3,0,16,4,3,3,0,8,3,1,1,38,29,1,10,14,0,0,0,20,102,0,0,1,0,3,2,3,1,43,1,7,30,1,21,20,15
0,0,5,19,0,8,0,6,30,7,3,0,21,8,7,0,9,18,18,11,3,2,13,6,0,0,1,0,3,0,5,0,0,0,1,17,15,1,0,51,8,5,9,0,46,0,8,0,0,2,0,31,4,3,0,3,99,7,50,4,0,6,1,9,18,2,47,1,56,0,0,4,2,38,0,8,5,6,45,4,2,1,4,28,0,1,1,3,0,13,3,0,0,14,0,0,7,2,43,0,13
0,0,0,34,0,30,0,21,24,10,0,1,12,0,5,5,4,5,8,0,0,0,0,1,0,9,31,20,10,2,19,25,0,0,1,37,4,4,0,41,0,13,1,6,10,19,30,3,0,10,15,15,0,11,14,4,2,2,0,0,0,0,1,26,8,0,50,20,11,20,0,84,2,13,0,13,0,0,28,10,4,6,3,9,0,0,0,5,0,25,0,3,1,16,1,4,4,0,19,44,15
1,0,18,21,55,0,1,9,26,2,4,0,11,7,0,13,0,0,19,20,2,0,47,13,2,14,66,3,9,0,51,26,0,35,9,0,0,4,0,3,5,6,0,14,0,9,19,15,12,0,0,19,4,0,4,9,3,8,5,31,17,0,5,3,22,0,0,3,23,0,23,1,12,0,12,2,1,15,7,15,0,0,1,0,1,43,2,9,3,0,0,23,3,12,0,7,0,12,7,3,11
0,0,8,3,0,1,0,0,4,0,1,5,43,0,13,9,4,4,42,3,0,28,0,2,0,26,2,2,14,0,13,2,2,0,0,11,11,6,10,47,0,7,5,15,12,5,18,1,0,5,10,37,15,1,0,9,4,2,8,0,0,21,5,2,3,0,9,0,50,0,0,32,14,7,3,10,1,2,89,26,17,36,1,0,0,0,0,8,0,5,0,0,104,20,0,12,0,0,0,5,10
1,18,6,12,14,7,6,9,8,0,7,1,1,9,0,31,37,2,0,0,12,0,6,10,1,36,0,3,0,9,0,0,0,43,8,0,0,7,35,5,0,0,0,10,0,44,36,48,4,1,14,1,2,15,0,6,6,7,0,14,51,0,44,19,0,3,0,0,6,6,7,0,27,0,7,19,7,26,2,18,0,1,2,28,3,3,35,0,6,4,1,9,3,48,0,5,0,14,0,1,4
1,3,7,15,3,0,37,20,0,1,0,10,72,16,0,18,0,2,0,6,0,0,6,23,0,42,2,0,0,0,12,30,0,3,18,0,0,0,2,1,13,2,1,19,0,35,12,31,0,0,0,14,1,27,18,30,43,1,2,0,1,10,2,3,18,0,4,0,1,0,2,0,13,2,0,3,38,7,0,5,0,0,8,10,5,60,22,41,17,5,33,0,0,5,0,0,0,19,4,0,20
1,1,12,6,48,0,7,9,4,14,0,1,12,4,9,38,0,0,1,42,2,0,25,2,13,21,24,0,0,4,0,2,18,0,3,20,1,0,0,6,0,0,30,21,0,0,33,1,3,0,10,5,70,11,0,1,2,4,2,0,7,0,1,15,1,0,1,0,5,0,6,0,25,0,6,9,72,9,0,8,0,0,27,3,25,42,4,14,5,54,24,0,0,2,0,0,0,23,1,7,26
0,0,0,2,9,4,0,15,6,10,19,0,39,0,4,28,0,3,6,6,0,1,1,9,0,0,18,0,23,2,8,4,0,2,114,11,1,16,0,32,0,15,21,8,0,11,27,0,2,9,0,2,30,0,0,20,25,0,8,1,0,0,10,15,1,0,2,1,59,0,11,12,42,5,0,4,5,0,0,11,2,2,0,4,0,0,17,0,0,0,0,0,24,16,0,0,0,23,97,9,17
0,0,0,2,0,44,0,1,46,5,22,4,110,0,0,0,4,18,9,0,0,1,23,12,0,6,0,0,1,31,20,22,0,0,0,0,53,8,0,0,5,22,0,23,52,0,6,3,1,17,0,12,2,4,0,13,12,0,23,1,0,9,6,2,14,0,0,24,21,4,0,5,0,22,0,3,1,0,0,34,0,18,16,9,0,0,0,8,0,25,15,0,6,18,0,4,2,23,17,11,15
0,0,4,51,0,8,0,29,2,5,1,14,0,15,16,0,12,56,12,0,0,0,61,4,0,7,1,1,14,18,1,9,0,9,1,5,18,8,62,6,0,7,0,5,4,0,5,0,0,0,0,0,0,6,0,1,9,0,14,24,4,1,2,36,43,3,42,15,13,0,0,53,36,16,1,19,0,2,1,5,0,0,5,2,0,11,0,9,0,6,2,0,4,7,0,30,0,47,5,0,15
1,31,0,36,2,1,23,26,0,0,1,0,2,0,0,49,0,0,0,0,4,2,22,2,0,44,11,5,0,0,4,13,0,2,3,23,0,0,1,14,10,0,0,9,0,1,0,2,13,0,10,11,22,42,0,0,41,43,0,43,9,0,0,0,27,0,0,3,9,0,0,0,3,6,39,51,11,4,2,8,7,0,0,0,10,40,3,2,1,54,4,5,1,14,0,7,36,29,8,0,0
0,0,7,17,0,2,0,0,3,41,30,2,80,0,3,7,0,5,1,14,0,0,9,1,0,0,0,0,24,22,9,0,0,2,33,15,5,28,8,15,2,0,0,10,2,4,0,1,4,3,0,9,0,0,0,22,0,0,31,40,10,7,24,20,23,0,2,2,2,0,0,25,2,9,0,6,1,0,1,2,18,0,0,45,0,20,0,1,0,25,1,0,1,34,0,5,2,61,18,63,19
1,6,8,0,0,0,109,29,0,0,3,0,0,1,1,13,0,0,0,4,0,15,14,8,16,28,2,0,14,4,8,0,2,0,12,0,0,0,2,1,7,0,9,16,0,22,10,15,26,0,5,0,5,5,22,0,24,16,3,0,6,0,2,14,13,18,0,0,1,0,65,0,10,1,16,10,11,1,8,24,4,0,6,6,7,13,0,13,25,3,5,0,0,42,0,3,0,55,8,73,10
0,0,0,19,0,170,0,1,2,8,3,21,8,0,12,3,7,1,4,91,0,0,8,0,4,9,1,1,1,11,4,0,0,3,3,24,3,8,0,18,3,14,0,12,0,0,9,0,17,8,1,1,0,29,0,10,0,0,36,2,5,4,2,6,0,0,10,19,13,5,0,1,8,10,0,14,1,1,2,0,2,13,0,0,0,0,31,0,0,7,0,1,0,28,5,6,0,11,31,112,22
0,0,0,1,0,24,0,5,10,11,3,0,35,3,6,19,4,0,7,13,0,1,45,18,0,9,7,2,3,0,4,15,8,2,0,20,15,0,7,10,3,5,0,0,0,5,0,1,0,4,0,0,0,0,2,1,6,1,20,20,3,1,7,50,20,0,3,0,0,0,0,7,32,23,0,77,23,0,40,26,3,41,0,32,0,0,4,1,0,9,3,0,5,36,0,42,3,34,2,33,21
0,0,0,14,0,11,0,6,6,0,0,62,23,0,12,13,1,4,2,6,13,30,7,0,0,11,6,24,1,14,9,0,0,0,0,4,13,3,10,0,0,9,0,8,5,0,6,0,0,0,0,1,0,0,0,74,24,20,48,17,3,11,27,32,1,4,10,2,0,0,0,32,0,6,0,50,23,1,61,4,1,0,27,5,0,0,0,2,0,11,2,8,11,1,29,0,0,14,39,4,22
0,1,2,24,1,10,0,2,3,38,3,2,13,34,14,0,16,0,5,0,3,18,12,1,0,6,0,31,3,14,45,0,4,4,41,3,38,87,27,2,0,17,0,3,0,15,1,0,0,0,0,3,4,15,1,0,20,0,8,5,0,10,16,24,8,5,33,20,4,14,0,3,14,1,0,3,25,14,9,14,0,10,1,28,0,0,2,2,0,4,0,10,13,10,0,6,0,21,29,2,7
1,4,0,2,20,0,13,9,27,1,15,0,2,7,0,48,0,18,0,0,7,1,33,21,0,10,13,0,0,0,0,13,0,37,5,0,0,0,12,0,5,0,0,37,0,4,2,0,20,1,1,18,5,13,0,16,1,51,23,4,58,0,0,28,6,22,18,14,16,0,15,0,4,1,3,5,20,17,3,16,0,0,31,26,0,29,2,6,1,17,11,0,5,1,0,10,0,15,39,1,1
1,17,0,9,0,11,4,10,18,13,6,31,0,1,0,10,0,0,0,29,7,5,11,0,2,16,24,0,0,0,0,10,4,10,28,40,0,6,1,3,0,0,0,59,0,8,17,0,2,3,9,32,1,10,0,3,60,11,3,0,9,0,8,8,13,29,3,1,3,0,9,0,0,43,15,29,4,6,4,8,10,0,0,2,9,50,16,1,51,3,29,0,2,24,0,1,0,5,1,13,3
1,6,3,18,1,5,3,1,33,18,83,0,0,2,29,21,0,0,0,3,1,5,12,0,0,1,12,2,0,2,2,0,22,20,4,8,0,28,3,0,0,0,1,19,0,10,2,4,13,0,0,3,0,29,2,1,0,17,5,58,37,0,11,1,50,0,12,19,51,0,3,0,4,2,19,3,40,4,7,6,1,0,27,22,2,33,8,0,12,13,0,0,16,5,0,23,1,5,8,3,0
0,0,12,3,3,0,0,31,6,33,8,0,20,0,19,19,9,4,9,1,0,2,2,0,7,4,9,64,9,1,5,22,0,21,0,17,35,0,3,24,0,2,7,0,14,2,21,0,0,3,0,5,5,2,0,48,20,1,4,12,0,17,26,12,13,0,4,3,21,3,2,0,1,2,0,3,66,11,8,0,6,2,8,17,3,0,0,0,0,2,9,66,1,4,3,1,46,4,19,21,4
1,21,0,0,1,0,11,38,15,5,5,15,0,24,0,2,0,1,0,0,0,0,29,12,1,21,2,2,0,23,6,0,0,10,21,37,0,0,3,0,0,2,0,9,0,6,3,0,1,0,39,4,92,11,0,9,0,4,5,0,3,0,1,0,8,0,0,14,0,0,1,0,3,3,1,5,10,35,0,6,0,0,54,0,22,19,23,29,20,21,19,0,2,42,0,4,3,44,59,12,5
1,3,13,15,2,0,17,62,2,0,16,0,0,0,2,4,0,0,8,0,27,0,5,20,11,2,24,19,0,20,0,80,0,16,17,0,3,0,0,0,6,4,1,1,0,25,39,2,20,0,7,12,13,1,0,38,1,0,5,2,14,0,18,1,35,0,28,16,9,0,2,3,9,3,14,23,6,16,0,1,0,0,8,6,33,2,3,0,6,12,10,0,1,31,0,0,5,5,48,25,5
0,0,6,0,0,3,12,18,0,1,21,0,8,2,8,24,2,26,1,1,1,10,0,0,0,21,11,5,9,0,79,0,0,0,1,9,1,5,3,11,1,15,0,4,17,2,0,0,31,3,1,46,1,13,0,0,4,1,2,3,8,15,20,9,0,0,48,33,124,12,0,36,12,19,0,2,2,0,31,1,7,0,3,5,0,0,1,9,0,0,0,2,0,53,5,0,0,5,18,0,39
1,1,10,5,48,7,5,9,3,0,11,0,0,7,3,37,0,0,1,2,18,0,31,5,68,63,16,19,0,0,1,0,0,48,17,1,0,48,0,3,17,1,0,11,0,10,2,0,15,1,2,5,2,0,0,11,9,15,0,4,21,0,12,26,64,0,34,0,8,0,17,0,0,0,6,4,5,32,10,0,0,0,15,0,1,2,0,3,20,4,1,3,2,3,0,0,2,10,41,15,6
0,0,3,14,42,3,22,0,23,1,1,0,1,1,0,4,4,1,6,48,0,0,1,0,0,1,2,5,2,0,67,31,0,0,0,40,0,0,7,3,3,38,0,37,3,0,17,30,0,11,0,1,0,2,0,8,1,1,35,20,0,7,0,14,2,5,22,4,4,5,3,5,37,12,0,0,30,0,36,32,0,4,5,0,0,0,0,0,0,42,2,0,11,23,0,28,11,2,17,18,30
0,0,1,6,0,27,0,17,4,2,27,0,4,0,84,2,3,2,2,8,0,46,14,0,0,0,4,1,10,0,3,9,6,0,1,40,20,15,0,14,0,26,15,2,7,8,5,4,0,0,2,4,2,0,1,21,4,0,17,5,0,0,7,9,16,6,8,41,22,5,0,4,4,41,0,20,13,6,6,16,0,0,36,97,0,0,0,0,0,17,0,19,1,7,1,11,0,18,0,10,25
0,0,6,40,18,14,0,11,1,5,11,12,9,0,18,7,0,3,15,0,0,13,9,15,0,0,19,26,0,31,8,10,1,3,2,22,20,4,5,49,6,1,18,0,3,0,2,4,1,9,0,19,4,34,5,0,8,6,1,4,5,18,19,57,0,0,24,9,87,0,2,4,4,27,1,8,1,1,0,13,0,0,11,27,0,0,0,3,0,0,0,0,29,38,0,24,3,0,4,0,5
0,0,0,17,0,21,0,2,14,0,12,8,2,8,1,64,8,10,24,2,5,8,20,23,0,0,1,3,1,0,2,8,0,50,6,28,5,1,22,1,0,11,0,1,3,0,2,46,0,1,6,3,5,3,0,12,2,0,23,28,2,5,9,6,0,0,11,32,0,3,0,23,6,35,0,4,0,0,8,1,7,3,4,5,0,0,2,2,0,1,2,10,23,75,5,1,0,3,56,92,7
0,0,0,1,0,6,0,2,2,4,0,0,25,0,47,7,7,2,1,0,4,3,6,1,0,0,14,39,0,0,0,0,24,0,3,6,12,7,0,9,31,0,0,42,16,0,0,0,1,5,2,1,1,58,2,3,12,0,8,4,4,4,3,50,1,0,49,40,10,1,0,13,2,3,5,5,7,2,44,3,0,29,43,40,0,0,7,0,6,1,64,0,6,21,0,14,3,19,41,6,0
0,0,3,0,0,3,0,103,7,1,0,10,49,0,19,8,21,0,20,1,11,2,9,0,0,0,3,0,1,0,2,3,0,0,4,0,36,7,1,40,1,15,2,10,2,0,2,10,0,0,9,6,0,0,4,8,37,4,1,40,0,0,8,31,18,0,7,7,32,11,0,12,4,12,1,1,0,0,54,17,12,0,6,55,0,0,18,7,0,14,0,31,5,6,4,6,2,9,26,25,0
0,0,0,40,0,18,0,0,33,2,3,12,1,0,6,24,1,7,0,15,0,0,0,3,1,0,11,8,6,0,5,23,8,11,0,34,14,2,0,3,12,41,0,1,0,0,5,0,0,6,0,10,2,1,1,27,8,1,1,23,0,32,0,0,15,3,16,27,52,8,0,23,27,12,0,74,11,1,1,3,2,0,64,23,9,0,0,25,0,8,0,0,1,9,0,21,0,1,13,12,38
0,0,5,44,0,19,0,38,0,34,0,7,23,0,3,1,20,12,12,0,3,10,16,0,53,6,18,1,0,2,6,0,0,11,26,27,8,3,0,1,15,14,0,0,0,0,4,0,2,48,6,13,12,0,2,17,4,1,39,47,0,8,10,43,3,4,3,5,4,8,0,16,4,3,0,5,0,2,3,9,18,0,7,15,11,0,0,10,0,11,60,0,0,7,0,14,3,8,32,3,3
1,10,0,1,27,18,2,4,4,7,72,0,0,0,15,4,13,3,0,0,0,21,36,6,0,44,4,30,0,4,32,0,4,1,5,0,0,8,22,0,0,0,0,16,4,6,0,1,1,0,6,33,16,0,0,0,0,0,10,3,13,0,16,1,28,0,0,2,77,0,22,0,0,9,39,1,7,4,19,12,1,0,34,15,12,21,8,29,31,26,1,0,0,14,0,0,1,10,0,0,15
1,14,0,14,7,11,10,8,0,7,1,0,0,0,0,3,0,6,0,1,2,8,0,0,0,12,13,25,5,0,1,0,1,23,15,7,0,10,24,0,11,1,0,15,0,6,26,0,4,5,6,0,2,15,0,10,4,0,14,27,59,0,79,20,12,0,0,24,0,0,4,0,4,16,5,16,22,17,0,150,1,0,0,8,2,7,20,34,46,2,1,1,0,9,0,0,1,3,0,11,10
0,0,0,19,0,1,0,0,13,3,5,0,24,0,77,5,0,11,8,3,0,0,39,0,0,8,1,4,17,5,30,0,0,18,2,6,8,11,5,21,1,8,0,3,120,1,11,0,1,52,0,8,2,18,0,2,32,0,3,0,0,5,24,15,1,0,4,1,12,6,4,8,32,1,1,8,17,0,11,3,0,16,32,1,0,0,4,6,0,0,3,1,0,5,0,8,0,14,15,49,49
0,0,0,7,0,94,0,0,0,12,9,0,22,0,13,0,10,12,0,7,18,4,24,5,0,2,4,75,1,14,16,2,2,0,1,2,22,11,6,2,7,27,2,0,25,1,7,0,0,24,0,21,3,2,0,10,9,28,13,30,19,3,44,8,0,0,12,22,5,0,23,11,2,8,3,9,4,2,0,1,0,3,13,0,5,0,40,7,0,10,8,9,2,0,0,27,6,1,6,14,28
0,0,6,5,0,22,0,0,4,13,9,3,30,0,8,13,7,21,18,3,0,14,6,0,2,0,18,0,0,0,10,0,0,0,1,5,41,20,5,0,3,14,3,4,56,5,22,13,0,11,0,0,2,12,3,60,41,0,42,0,0,0,0,1,5,0,41,15,20,4,0,9,15,7,23,1,7,1,30,1,5,0,0,10,0,0,13,0,0,55,0,10,1,23,0,4,0,33,9,28,19
1,11,1,1,47,11,1,21,0,0,7,0,0,4,2,14,0,2,0,0,5,40,1,5,1,14,0,3,0,0,2,6,0,28,27,14,0,1,0,36,25,0,23,14,0,0,6,2,0,3,4,74,1,9,0,1,2,11,32,0,67,0,5,27,20,0,0,0,4,9,3,0,48,17,3,14,0,7,1,2,0,0,42,1,1,57,15,2,3,1,19,0,6,35,2,11,0,6,0,9,6
0,0,0,2,0,2,0,0,0,0,4,0,0,0,1,6,1,11,52,19,3,0,14,2,0,1,0,13,16,6,4,26,0,2,7,28,19,2,1,1,4,5,0,14,1,0,1,43,0,2,1,19,0,0,9,12,3,2,10,15,0,0,25,1,0,0,38,23,98,35,0,72,10,68,0,26,0,0,24,0,0,14,57,11,0,0,0,0,0,1,0,0,2,0,0,0,0,0,16,16,41
0,0,0,2,0,2,0,7,22,7,0,4,6,1,6,5,0,23,20,9,0,27,9,0,0,122,9,4,5,0,6,0,0,0,0,17,7,0,0,8,0,30,0,5,0,0,36,0,0,4,0,0,2,35,0,3,58,1,6,11,1,1,10,11,14,2,16,38,5,0,0,8,65,27,2,30,3,0,12,21,0,0,0,18,0,0,9,30,0,3,0,6,13,4,0,0,4,8,22,25,33
1,46,0,10,13,7,36,56,0,8,8,10,11,5,0,19,28,17,2,0,9,0,0,1,0,4,8,0,0,10,0,42,0,16,4,0,0,6,3,0,0,0,0,14,0,27,2,0,1,0,0,14,40,0,1,3,8,17,0,0,12,0,59,37,2,0,0,8,13,0,16,0,0,1,4,0,7,10,0,5,0,0,43,13,18,7,5,0,31,55,32,0,0,7,0,14,1,22,2,32,0
0,3,0,4,0,10,0,56,22,2,19,7,8,0,6,17,0,63,3,45,0,23,20,0,0,6,0,12,4,0,31,1,0,8,0,3,2,19,5,2,0,16,0,20,29,11,12,15,9,3,32,1,10,3,19,0,12,0,0,47,6,8,8,26,22,0,1,0,11,0,0,12,37,0,0,18,0,0,3,5,1,0,27,5,5,0,2,3,0,1,1,1,13,23,0,19,11,18,17,2,13
0,0,18,20,0,3,0,45,0,0,0,23,4,0,63,0,0,3,60,54,0,13,7,0,0,8,10,3,70,1,13,8,0,45,14,1,13,33,0,2,11,4,0,3,16,38,6,0,0,2,1,7,0,0,1,19,3,0,0,8,0,0,7,12,1,0,2,3,6,22,23,0,1,0,4,36,0,0,9,3,12,7,8,12,1,4,3,0,0,8,3,1,3,12,0,11,4,34,22,14,22
0,0,0,25,0,24,0,0,7,0,0,18,13,0,25,0,10,93,24,3,0,0,1,0,0,12,3,10,8,0,15,14,3,1,7,1,20,5,2,1,49,77,0,11,11,0,5,0,0,1,0,1,0,18,11,19,2,0,8,36,0,9,79,6,7,0,33,4,42,7,0,12,11,2,0,14,4,0,2,27,0,0,0,23,0,0,3,2,0,0,0,0,1,4,27,5,0,16,0,16,8
0,0,47,5,0,21,0,3,12,2,2,2,3,0,2,0,3,0,6,9,0,0,13,3,0,3,0,0,14,0,3,27,0,90,5,5,1,11,7,3,6,30,0,20,1,6,13,0,1,50,7,24,9,0,3,0,5,5,0,63,0,37,32,9,1,0,1,5,6,8,0,19,3,41,0,2,83,3,12,50,2,0,16,3,0,0,5,3,0,0,0,0,1,21,0,3,0,32,1,17,1
0,0,17,10,0,5,0,0,10,1,0,8,3,4,7,34,1,9,0,0,0,0,2,14,0,2,0,8,10,2,12,6,0,20,1,9,7,3,0,58,1,49,1,9,32,0,4,6,0,5,14,13,0,20,2,61,28,1,23,0,2,32,17,3,0,6,0,0,18,0,0,18,13,0,2,63,35,0,9,8,0,20,27,13,0,0,0,4,0,15,11,0,25,13,1,21,1,1,6,15,24
1,5,9,17,1,0,12,31,35,0,1,2,0,0,2,6,0,0,15,5,0,0,42,15,2,40,2,6,0,3,22,6,0,1,8,0,0,0,0,1,18,0,2,6,7,8,8,0,4,0,21,13,2,13,0,3,88,14,10,64,16,0,23,27,20,0,1,0,8,0,9,0,0,24,0,1,56,3,18,21,0,0,2,4,0,6,0,0,3,18,0,0,1,14,0,30,0,64,10,0,5
1,13,0,9,7,7,20,13,5,3,17,0,36,0,0,48,1,36,0,0,17,2,28,12,0,7,0,0,0,0,0,18,2,0,35,26,6,2,9,38,1,0,0,2,0,6,3,8,0,3,1,18,3,17,46,17,23,12,3,10,42,1,21,2,8,0,0,0,0,0,1,0,9,15,0,2,20,0,23,1,1,0,17,0,0,5,0,17,56,15,8,0,0,25,0,1,0,2,44,4,29
1,4,9,4,43,6,6,40,18,76,12,0,9,0,0,45,18,5,0,0,1,5,1,35,0,23,8,1,0,8,2,2,0,7,3,39,0,2,0,1,10,0,0,7,0,5,7,8,17,0,0,13,0,10,0,0,1,9,1,0,16,0,41,39,5,0,22,0,14,19,0,0,0,0,5,27,13,2,83,1,0,0,18,0,4,11,1,7,36,5,0,4,0,1,0,2,0,52,4,9,0
0,0,3,18,0,27,0,9,1,19,8,12,9,0,5,5,21,7,7,20,0,0,8,0,5,8,19,2,7,3,0,6,0,0,0,25,14,0,7,63,0,14,0,36,1,0,20,1,0,8,5,30,13,1,8,36,6,0,14,8,1,7,1,6,0,0,25,39,2,0,0,4,8,1,0,47,2,0,60,2,0,0,39,10,0,0,0,0,0,17,3,3,5,28,4,7,6,6,68,21,2
0,0,0,1,0,6,0,51,0,38,8,4,1,0,46,1,2,2,5,9,0,1,10,0,32,0,1,13,9,0,16,4,5,0,0,9,28,1,6,2,0,30,0,14,2,0,13,27,0,61,1,0,22,0,1,24,7,0,18,10,4,0,5,6,0,5,1,18,32,16,0,21,13,28,0,12,47,5,22,1,17,0,1,10,0,26,0,0,0,0,4,0,0,56,0,32,0,19,1,2,14
0,0,10,12,0,19,0,4,0,0,0,0,0,0,21,3,0,13,11,1,15,0,76,2,0,2,6,1,44,6,45,1,29,0,13,19,2,8,0,22,4,1,0,1,63,0,25,4,0,1,0,60,0,3,2,10,8,0,10,9,0,2,7,8,2,0,17,1,1,0,0,9,5,11,0,45,6,1,28,0,10,2,24,5,0,12,1,0,0,17,0,9,65,5,0,10,1,43,12,0,16
1,0,15,8,19,8,14,17,8,19,0,14,7,2,0,8,1,5,0,1,0,5,15,1,0,12,52,0,0,8,0,7,2,1,13,2,0,0,0,5,31,0,5,17,0,13,5,17,4,3,29,12,18,0,0,22,17,0,0,1,48,0,9,53,26,0,0,0,0,6,32,0,12,4,1,28,23,3,18,23,0,0,0,3,1,27,3,2,1,39,15,0,0,0,0,0,12,59,3,33,9
0,0,11,0,0,11,0,2,5,19,2,8,3,0,12,2,0,3,95,11,7,4,0,0,0,31,0,0,5,4,24,9,1,21,2,18,7,4,5,12,58,43,12,0,1,0,0,0,0,5,0,3,1,12,4,0,6,24,40,101,0,0,20,9,1,0,7,6,2,13,0,0,13,12,0,17,1,16,3,1,0,0,44,12,0,20,2,0,0,23,4,0,11,23,1,7,0,13,14,7,6
0,0,0,4,0,14,0,0,0,13,0,6,0,20,3,0,27,2,1,0,0,60,6,0,2,4,37,9,2,0,34,2,0,0,16,22,24,18,0,15,2,0,0,6,3,0,5,0,0,5,0,1,0,2,1,13,69,0,7,2,0,0,13,5,13,0,8,8,5,41,0,49,16,47,0,12,9,0,0,2,0,0,3,15,0,0,6,35,0,3,0,0,40,48,0,13,0,0,63,41,14
0,0,12,2,0,19,0,9,1,0,17,4,0,0,0,31,1,45,3,9,15,0,33,3,0,1,2,0,21,3,23,18,26,28,0,21,13,23,8,4,1,19,0,4,74,0,0,2,0,12,0,1,5,19,0,30,0,1,8,1,0,49,33,31,0,0,13,5,0,27,0,1,1,2,5,27,2,7,8,11,10,2,19,2,10,0,25,2,0,0,1,3,10,10,2,6,0,41,5,14,0
1,57,10,25,1,0,43,6,0,4,7,3,0,0,1,19,0,0,0,0,12,0,6,0,0,4,44,2,0,5,11,13,0,21,12,0,0,9,0,0,3,2,5,24,0,5,16,0,1,0,9,1,2,9,20,7,13,17,0,2,1,0,2,39,38,0,6,0,1,0,6,0,21,5,21,8,4,11,0,6,0,0,0,10,5,3,65,0,2,22,6,0,57,10,0,15,25,42,1,10,67
1,0,26,45,4,0,15,0,21,58,16,0,0,0,31,3,0,0,1,0,0,0,31,15,0,7,34,0,0,1,6,20,10,6,0,0,0,6,0,5,3,0,2,10,0,7,10,0,15,2,0,11,5,26,1,1,0,21,9,45,13,0,1,20,41,0,0,0,91,7,1,0,9,15,9,10,16,5,0,0,0,0,2,8,14,14,11,5,17,16,14,7,0,6,0,2,3,7,8,0,60
1,0,2,12,37,0,13,3,1,46,15,0,0,9,5,17,1,0,0,0,3,0,18,41,0,5,56,4,0,3,14,15,0,1,0,0,0,0,1,1,4,0,0,3,0,14,16,2,3,1,2,23,25,3,0,0,18,6,66,2,12,0,27,11,1,11,0,0,21,0,31,0,27,25,10,21,1,3,10,25,20,0,10,3,0,58,2,5,6,4,0,0,12,11,0,39,0,11,17,17,0
0,0,0,1,0,14,0,7,5,2,18,11,1,3,15,0,4,26,6,6,15,0,10,26,0,21,1,3,27,1,5,11,11,2,36,44,7,6,0,12,32,14,2,6,14,5,3,0,0,9,1,11,28,1,0,3,51,5,15,5,0,32,24,25,0,0,5,0,6,80,0,2,16,46,1,23,0,4,9,13,14,3,30,2,0,0,0,0,0,2,0,17,7,4,0,2,0,0,16,2,10
1,18,1,3,31,1,11,14,22,2,6,0,0,0,0,14,43,0,0,4,0,5,4,17,0,2,26,2,18,7,67,3,3,30,12,0,0,0,0,1,1,0,0,9,0,0,31,4,11,0,2,0,8,27,0,4,0,7,2,0,8,0,5,4,1,7,10,6,10,0,5,0,3,2,36,5,42,58,1,34,0,0,37,43,11,19,4,15,1,22,0,0,0,14,0,2,0,25,5,10,36
0,0,1,8,0,10,14,29,35,1,0,12,5,22,5,12,0,39,5,14,0,0,16,0,0,10,0,0,1,7,1,5,0,1,19,9,4,11,30,0,0,5,0,1,17,0,17,55,0,11,0,10,0,6,0,0,1,7,20,2,0,2,55,51,0,1,6,17,0,0,0,1,8,14,0,8,5,5,28,14,1,0,116,9,0,0,4,1,0,6,28,12,13,1,0,12,0,4,14,45,2
1,1,0,7,0,0,16,16,1,13,7,0,0,0,7,1,3,0,0,24,12,21,66,2,4,34,32,8,1,4,1,1,0,10,5,0,0,0,37,1,7,0,31,9,0,13,2,48,2,0,2,0,55,4,0,0,69,0,0,2,26,0,24,0,14,0,0,0,0,0,0,0,52,36,6,13,0,48,0,0,1,0,9,16,22,2,21,40,3,12,6,0,0,2,0,0,1,8,3,15,7
0,0,1,8,0,49,2,8,0,4,19,2,1,0,24,15,2,11,41,3,0,1,15,8,0,1,0,10,49,0,9,15,2,4,18,0,51,7,12,1,4,1,0,119,0,0,2,7,6,8,2,0,0,5,3,22,12,2,5,0,0,1,5,1,0,0,5,7,13,3,0,32,7,12,0,10,2,0,26,0,2,0,3,15,0,0,28,50,0,14,0,14,26,26,0,0,0,24,4,25,13
1,35,7,0,22,31,5,3,1,1,0,0,0,4,0,0,0,34,0,1,1,1,12,2,12,11,13,0,0,3,0,15,1,4,15,0,27,13,7,0,20,0,0,4,1,8,7,0,9,6,1,0,0,0,6,8,34,8,1,8,18,0,8,17,24,0,0,0,1,0,0,15,38,8,50,90,27,5,0,0,62,0,55,26,4,11,10,18,1,6,0,0,0,24,19,1,0,11,4,0,3
0,8,0,51,0,4,0,1,0,0,0,2,74,0,34,1,11,5,15,13,0,1,10,0,0,19,13,0,44,1,57,4,0,1,0,33,3,39,0,9,0,11,6,1,8,0,0,0,23,48,0,8,0,8,1,0,0,0,34,37,3,4,4,4,16,0,19,0,7,0,1,42,19,11,0,26,16,25,14,0,0,35,3,3,0,0,3,0,0,8,0,0,1,2,0,14,0,10,3,2,26
0,0,0,5,0,2,4,1,7,0,0,10,3,0,9,39,31,5,5,8,0,3,130,2,0,29,6,5,72,0,0,11,0,0,5,6,6,2,0,8,1,27,2,5,9,5,0,0,0,33,0,19,7,6,0,6,59,1,4,8,9,3,11,2,10,0,16,2,47,28,4,30,16,0,0,1,0,1,2,1,5,0,30,2,0,0,0,2,0,2,15,3,1,4,0,1,0,19,14,13,58
1,25,54,16,0,0,21,9,7,3,0,0,1,0,0,7,0,9,0,8,5,12,15,0,0,24,24,0,0,1,0,8,3,47,49,5,1,2,0,14,1,0,5,16,0,17,9,4,2,1,3,2,0,13,0,5,2,6,15,9,22,2,41,80,0,0,8,0,0,0,32,0,10,8,1,24,12,24,2,23,0,0,6,0,4,37,2,1,7,55,3,0,0,34,0,1,0,16,22,1,1
1,2,0,16,5,14,28,42,2,24,11,2,0,50,0,16,0,1,0,0,0,0,21,0,5,0,5,4,0,0,0,9,32,6,2,1,0,0,20,6,2,18,0,2,0,33,24,0,0,8,2,10,14,0,0,23,0,4,0,46,12,0,24,52,10,0,8,0,13,0,5,0,7,0,8,0,5,10,42,22,0,0,10,21,10,27,50,7,12,15,12,0,0,30,0,8,11,3,0,15,2
0,0,23,4,0,6,5,8,12,9,9,7,52,5,8,1,69,30,8,23,0,0,36,0,0,2,0,4,15,0,35,17,1,15,25,1,12,0,0,21,21,14,0,62,3,0,9,0,0,1,1,22,7,17,0,47,0,7,18,2,0,0,26,0,29,1,2,30,5,0,2,0,0,15,21,18,15,1,5,6,3,16,1,1,0,0,0,1,0,8,1,0,7,3,0,0,1,5,11,16,19
1,70,19,1,4,0,2,16,11,10,14,6,0,0,3,4,0,0,0,1,17,0,2,1,0,3,20,25,0,14,15,24,2,7,10,0,0,6,0,13,14,0,0,15,0,8,9,6,12,27,5,28,0,7,36,26,1,3,0,1,39,0,3,8,2,58,0,31,13,0,17,2,20,3,25,14,2,13,10,2,0,0,4,80,8,5,1,1,14,20,0,7,0,3,0,1,0,6,11,14,4
1,20,10,6,3,0,28,16,0,1,9,0,2,9,0,3,1,24,0,42,9,0,1,1,0,6,14,8,13,0,0,20,0,3,105,0,0,1,0,1,1,0,0,6,0,0,4,24,15,0,0,3,21,0,0,15,2,7,1,8,22,0,19,1,104,0,0,0,6,21,12,8,0,1,1,12,1,104,0,1,13,0,10,0,34,12,4,6,14,30,0,0,16,1,0,0,0,20,12,11,1
0,0,0,16,0,38,0,13,6,1,0,9,9,26,23,5,0,1,13,0,0,101,2,0,0,1,5,0,16,0,38,0,40,0,0,4,4,1,17,4,85,5,0,6,7,0,23,3,0,1,0,5,6,1,25,0,25,8,8,1,0,19,31,1,3,0,2,15,53,3,0,22,23,0,0,20,6,0,4,3,4,0,2,3,0,0,34,0,0,16,6,0,11,3,0,6,4,19,12,5,29
0,0,1,0,0,19,0,2,4,0,1,29,7,9,26,19,0,29,63,0,1,0,2,2,0,8,7,4,15,0,12,2,0,1,1,4,4,23,0,13,0,1,0,0,2,0,12,2,8,11,0,5,3,3,0,33,6,12,15,53,0,7,13,2,0,6,28,3,11,55,0,7,26,23,0,70,0,0,5,13,70,0,6,44,0,5,6,8,0,5,0,1,3,2,0,1,7,23,5,31,3
0,0,0,3,0,1,0,1,7,7,44,3,41,3,6,5,31,9,15,17,0,9,8,0,2,1,0,5,10,0,5,4,0,0,3,21,12,8,1,14,16,22,9,2,1,0,5,2,4,1,57,13,5,3,20,0,14,6,5,12,0,1,52,9,60,0,13,13,32,2,5,6,10,1,3,29,17,0,23,11,13,0,6,0,0,0,0,0,0,42,0,7,7,14,0,1,5,51,20,10,2
0,0,0,5,0,21,0,1,1,4,1,2,2,0,0,0,33,0,17,6,2,0,3,2,0,10,3,14,1,5,45,0,0,10,7,72,1,19,0,2,32,9,0,30,6,0,25,0,0,63,0,7,8,0,0,44,43,2,8,24,0,0,39,14,2,0,16,6,8,0,0,2,45,1,0,21,1,38,12,32,0,1,15,8,0,0,0,8,0,18,0,0,0,14,0,2,12,15,10,31,0
1,6,7,7,0,2,0,10,0,7,14,0,0,32,1,16,0,47,0,0,30,4,11,9,1,36,1,1,0,15,0,0,2,3,19,41,0,0,3,16,2,0,0,15,0,10,30,5,0,0,1,5,3,6,3,1,7,0,5,1,32,0,63,60,0,0,0,0,35,3,49,0,6,0,11,11,0,1,0,36,0,0,10,15,1,3,13,3,14,50,37,0,0,48,0,0,0,24,1,2,0
1,0,48,0,16,2,12,9,0,13,15,0,31,1,2,6,3,1,0,0,8,1,2,6,2,1,5,7,0,0,3,117,3,0,8,18,0,0,1,2,24,0,0,12,11,40,43,31,17,6,3,21,3,4,30,12,1,14,0,5,1,17,3,40,6,5,0,12,5,0,5,0,22,1,21,3,16,5,0,2,0,0,5,2,17,21,0,9,23,35,13,0,8,20,0,0,8,6,5,0,0
1,12,19,13,1,22,19,8,0,7,0,5,6,1,0,47,0,0,0,0,68,0,83,2,1,14,8,0,14,1,43,72,6,4,5,10,0,4,0,3,0,0,1,43,0,13,2,0,0,0,0,13,0,1,0,1,5,3,0,0,6,0,6,5,8,0,5,1,1,0,7,0,0,39,57,7,1,16,33,46,0,0,20,8,12,6,14,14,0,13,3,0,0,22,0,0,0,6,0,24,0
1,2,23,1,13,7,20,0,0,5,28,0,0,0,0,33,10,0,0,7,4,2,11,0,0,67,10,9,0,21,0,27,0,1,14,0,6,0,7,0,9,0,3,3,0,12,6,0,3,12,45,14,0,19,19,2,11,1,0,0,22,0,0,17,65,0,0,0,47,0,10,0,2,38,1,7,45,24,26,0,8,0,24,2,21,0,0,9,10,2,0,0,0,15,0,16,0,5,33,15,12
